qseqid	sseqid	pident	length	qlen	slen	evalue	bitscore
STAS@STAS_1@107@FCC21WPACXX:1:1101:19598:10465#TCGCCGTG/1	n_NZ_CP022985.1_prot_WP_236951662.1_1903_n	96.97	33	100	2395	5.64e-16	67.8
STAS@STAS_1@110@FCC21WPACXX:1:1101:13629:10683#TCGCCGTG/1	n_NZ_CP019044.1_prot_WP_075997480.1_2862_n	96.0	25	100	644	5.3e-11	53.9
STAS@STAS_1@117@FCC21WPACXX:1:1101:17939:11059#TCGCCGTG/1	n_NZ_CP116221.1_prot_WP_249994235.1_1340_n	81.818	33	100	137	1.54e-15	63.9
STAS@STAS_1@118@FCC21WPACXX:1:1101:18439:11115#TCGCCGTG/1	n_NZ_CP031963.1_prot_WP_233558496.1_2275_n	84.848	33	100	2416	2.77e-15	65.9
STAS@STAS_1@120@FCC21WPACXX:1:1101:12650:11281#TCGCCGTG/1	n_NC_007404.1_prot_WP_238376524.1_75_n	96.774	31	100	531	1.37e-14	63.9
STAS@STAS_1@124@FCC21WPACXX:1:1101:12781:12302#TCGCCGTG/1	n_NZ_CP022515.1_prot_WP_093977791.1_1357_n	93.939	33	100	561	1.52e-16	69.7
STAS@STAS_1@12@FCC21WPACXX:1:1101:5966:2704#TCGCCGTG/1	n_NZ_CP010535.1_prot_WP_062057396.1_2645_n	84.848	33	100	285	2.26e-14	63.2
STAS@STAS_1@144@FCC21WPACXX:1:1101:4011:14995#TCGCCGTG/1	n_NC_010581.1_prot_WP_012385374.1_2398_n	81.25	32	100	493	1.44e-13	61.2
STAS@STAS_1@146@FCC21WPACXX:1:1101:15307:14983#TCGCCGTG/1	n_NZ_AP014936.1_prot_WP_096462374.1_3429_n	90.625	32	100	324	8.73e-15	64.3
STAS@STAS_1@152@FCC21WPACXX:1:1101:14727:15649#TCGCCGTG/1	n_NZ_CP019044.1_prot_WP_075996370.1_1509_n	87.879	33	100	80	3.67e-16	63.9
STAS@STAS_1@159@FCC21WPACXX:1:1101:3226:16644#TCGCCGTG/1	n_NZ_CP022579.1_prot_WP_054621610.1_691_n	87.5	32	100	103	2.42e-15	62.4
STAS@STAS_1@168@FCC21WPACXX:1:1101:8633:16892#TCGCCGTG/1	n_NZ_CP128313.1_prot_WP_289196449.1_2396_n	96.875	32	100	328	1.03e-15	67.0
STAS@STAS_1@172@FCC21WPACXX:1:1101:18525:17037#TCGCCGTG/1	n_NZ_AP012273.1_prot_WP_041068919.1_2508_p	93.75	32	100	130	2.11e-16	65.9
STAS@STAS_1@17@FCC21WPACXX:1:1101:16273:2681#TCGCCGTG/1	n_NZ_CP007031.1_prot_WP_005223290.1_2128_n	81.818	33	100	130	1.88e-13	58.2
STAS@STAS_1@182@FCC21WPACXX:1:1101:12282:17792#TCGCCGTG/1	n_NZ_CP058987.1_prot_WP_218702062.1_1728_n	84.375	32	100	328	1.06e-14	63.9
STAS@STAS_1@186@FCC21WPACXX:1:1101:6018:18344#TCGCCGTG/1	n_NZ_CP032050.1_prot_WP_121848560.1_1834_n	81.818	33	100	272	9.65e-12	55.8
STAS@STAS_1@191@FCC21WPACXX:1:1101:8951:18665#TCGCCGTG/1	n_NZ_CP059560.1_prot_WP_169205318.1_1023_n	93.75	32	100	495	8.03e-15	64.7
STAS@STAS_1@196@FCC21WPACXX:1:1101:17724:19194#TCGCCGTG/1	n_NZ_CP115819.1_prot_WP_271080493.1_1806_n	84.375	32	100	579	4.79e-13	59.7
STAS@STAS_1@197@FCC21WPACXX:1:1101:18016:19100#TCGCCGTG/1	n_NZ_CP119758.1_prot_WP_276168612.1_1603_n	87.879	33	100	561	2.87e-14	63.2
STAS@STAS_1@222@FCC21WPACXX:1:1101:1780:21937#TCGCCGTG/1	n_NZ_CP048410.1_prot_WP_219551277.1_785_n	92.857	28	100	195	1.51e-13	59.7
STAS@STAS_1@231@FCC21WPACXX:1:1101:9707:22292#TCGCCGTG/1	n_NC_013222.1_prot_WP_015753593.1_907_n	90.909	33	100	287	3.26e-16	68.2
STAS@STAS_1@244@FCC21WPACXX:1:1101:18989:23059#TCGCCGTG/1	n_NZ_CP034951.1_prot_WP_240673197.1_1894_n	90.909	33	100	2418	2.72e-14	63.2
STAS@STAS_1@245@FCC21WPACXX:1:1101:3241:23417#TCGCCGTG/1	n_NZ_CP058987.1_prot_WP_218700041.1_3240_n	87.5	32	100	613	3.2e-16	68.6
STAS@STAS_1@253@FCC21WPACXX:1:1101:15430:23620#TCGCCGTG/1	n_NZ_CP032509.1_prot_WP_205665474.1_3152_n	93.939	33	100	668	9.97e-16	67.4
STAS@STAS_1@259@FCC21WPACXX:1:1101:2465:24437#TCGCCGTG/1	n_NZ_CP027669.1_prot_WP_106446735.1_2177_n	84.848	33	100	239	3.37e-13	59.3
STAS@STAS_1@260@FCC21WPACXX:1:1101:4269:24750#TCGCCGTG/1	n_NZ_CP097267.1_prot_WP_272548469.1_3188_n	93.939	33	100	275	6.46e-16	67.0
STAS@STAS_1@265@FCC21WPACXX:1:1101:16669:24956#TCGCCGTG/1	n_NZ_CP040813.1_prot_WP_153268264.1_2068_n	87.879	33	100	268	2.37e-15	65.5
STAS@STAS_1@266@FCC21WPACXX:1:1101:1502:25011#TCGCCGTG/1	n_NZ_CP028339.1_prot_WP_107219674.1_278_n	96.97	33	100	316	3.76e-17	70.9
STAS@STAS_1@273@FCC21WPACXX:1:1101:1196:25259#TCGCCGTG/1	n_NZ_CP025938.1_prot_WP_102996223.1_2520_n	90.909	33	100	280	7.4e-14	61.6
STAS@STAS_1@277@FCC21WPACXX:1:1101:14036:25601#TCGCCGTG/1	n_NZ_CP061500.1_prot_WP_092891949.1_3870_n	96.875	32	100	1459	3.01e-15	65.9
STAS@STAS_1@27@FCC21WPACXX:1:1101:4094:3858#TCGCCGTG/1	n_NZ_CP128313.1_prot_WP_289196449.1_2396_n	93.939	33	100	328	2.24e-15	65.9
STAS@STAS_1@280@FCC21WPACXX:1:1101:18037:25659#TCGCCGTG/1	n_NZ_CP028339.1_prot_WP_107221344.1_2268_n	93.75	32	100	476	9.49e-15	64.3
STAS@STAS_1@281@FCC21WPACXX:1:1101:18542:25582#TCGCCGTG/1	n_NZ_CP115706.1_prot_WP_020086236.1_2837_n	87.879	33	100	302	1.98e-14	63.2
STAS@STAS_1@288@FCC21WPACXX:1:1101:9360:26213#TCGCCGTG/1	n_NZ_CP049773.1_prot_WP_106687117.1_1785_n	90.625	32	100	679	2.7e-15	65.9
STAS@STAS_1@290@FCC21WPACXX:1:1101:16025:26131#TCGCCGTG/1	n_NZ_AP018725.1_prot_WP_126452179.1_78_n	93.939	33	100	459	1.81e-16	69.3
STAS@STAS_1@295@FCC21WPACXX:1:1101:14000:26434#TCGCCGTG/1	n_NZ_CP010715.1_prot_WP_096868414.1_696_n	84.375	32	100	225	7.18e-12	55.8
STAS@STAS_1@305@FCC21WPACXX:1:1101:13163:27175#TCGCCGTG/1	n_NZ_CP032509.1_prot_WP_205665474.1_3152_n	90.909	33	100	668	3.8e-16	68.6
STAS@STAS_1@307@FCC21WPACXX:1:1101:11875:27375#TCGCCGTG/1	n_NZ_CP083539.1_prot_WP_259945627.1_1531_n	81.25	32	100	279	6.29e-13	58.9
STAS@STAS_1@30@FCC21WPACXX:1:1101:20403:3855#TCGCCGTG/1	n_NZ_CP034951.1_prot_WP_128248997.1_425_n	90.625	32	100	96	3.53e-16	64.3
STAS@STAS_1@310@FCC21WPACXX:1:1101:11372:27530#TCGCCGTG/1	n_NZ_CP029606.1_prot_WP_129448820.1_1370_n	87.5	32	100	517	3.98e-14	62.8
STAS@STAS_1@321@FCC21WPACXX:1:1101:7977:28371#TCGCCGTG/1	n_NZ_CP015243.1_prot_WP_064121247.1_243_n	81.818	33	100	344	1.43e-14	63.9
STAS@STAS_1@329@FCC21WPACXX:1:1101:10694:29018#TCGCCGTG/1	n_NZ_CP128313.1_prot_WP_019387828.1_2575_n	93.939	33	100	138	1.14e-15	64.3
STAS@STAS_1@32@FCC21WPACXX:1:1101:18390:4210#TCGCCGTG/1	n_NZ_CP034951.1_prot_WP_128249069.1_504_n	93.75	32	100	930	1.45e-14	63.9
STAS@STAS_1@334@FCC21WPACXX:1:1101:17350:29499#TCGCCGTG/1	n_NZ_CP054626.1_prot_WP_053822960.1_2272_n	96.875	32	100	431	9.53e-16	67.4
STAS@STAS_1@341@FCC21WPACXX:1:1101:8462:29997#TCGCCGTG/1	n_NZ_CP023344.1_prot_WP_096055103.1_1093_n	81.25	32	100	348	9.52e-14	61.6
STAS@STAS_1@346@FCC21WPACXX:1:1101:8529:30304#TCGCCGTG/1	n_NC_013222.1_prot_WP_015754337.1_1637_n	90.909	33	100	150	2.65e-16	66.2
STAS@STAS_1@359@FCC21WPACXX:1:1101:17333:31179#TCGCCGTG/1	n_NZ_CP128313.1_prot_WP_289195234.1_3206_n	90.625	32	100	701	1.03e-15	67.0
STAS@STAS_1@361@FCC21WPACXX:1:1101:2488:31702#TCGCCGTG/1	n_NZ_CP019342.1_prot_WP_085775320.1_1977_n	84.375	32	100	453	1.9e-13	60.8
STAS@STAS_1@366@FCC21WPACXX:1:1101:2069:31836#TCGCCGTG/1	n_NZ_CP015136.1_prot_WP_110169192.1_367_n	83.871	31	100	216	1.17e-14	63.2
STAS@STAS_1@368@FCC21WPACXX:1:1101:2947:31831#TCGCCGTG/1	n_NZ_CP102745.1_prot_WP_014791550.1_1725_n	93.939	33	100	321	1.81e-17	71.6
STAS@STAS_1@371@FCC21WPACXX:1:1101:11082:31962#TCGCCGTG/1	n_NC_017538.1_prot_WP_012561376.1_316_n	93.75	32	100	579	3.02e-15	65.9
STAS@STAS_1@375@FCC21WPACXX:1:1101:6671:32448#TCGCCGTG/1	n_NZ_AP018439.1_prot_WP_162058624.1_2054_n	93.939	33	100	479	1.71e-15	66.6
STAS@STAS_1@399@FCC21WPACXX:1:1101:3731:34782#TCGCCGTG/1	n_NC_007964.1_prot_WP_011511772.1_3505_n	81.818	33	100	489	1.39e-11	55.5
STAS@STAS_1@400@FCC21WPACXX:1:1101:7507:34830#TCGCCGTG/1	n_NZ_CP015243.1_prot_WP_064122841.1_2212_n	84.848	33	100	275	6.22e-15	64.3
STAS@STAS_1@427@FCC21WPACXX:1:1101:4063:37639#TCGCCGTG/1	n_NZ_CP017668.1_prot_WP_070527303.1_1010_n	90.323	31	100	653	1.12e-13	61.6
STAS@STAS_1@43@FCC21WPACXX:1:1101:8241:4926#TCGCCGTG/1	n_NZ_CP051461.1_prot_WP_168922662.1_2337_n	93.75	32	100	76	3.43e-17	66.2
STAS@STAS_1@441@FCC21WPACXX:1:1101:13781:38638#TCGCCGTG/1	n_NC_008576.1_prot_WP_011712050.1_359_n	81.818	33	100	109	4.64e-18	69.7
STAS@STAS_1@447@FCC21WPACXX:1:1101:17044:39281#TCGCCGTG/1	n_NZ_CP110108.1_prot_WP_264671916.1_2702_n	100.0	33	100	730	1.06e-18	75.9
STAS@STAS_1@448@FCC21WPACXX:1:1101:17389:39291#TCGCCGTG/1	n_NZ_HG916765.1_prot_WP_043684426.1_3145_n	90.909	33	100	614	4.19e-16	68.2
STAS@STAS_1@464@FCC21WPACXX:1:1101:2090:41591#TCGCCGTG/1	n_NZ_LR593887.1_prot_WP_162657593.1_1792_n	81.818	33	100	445	6.75e-13	59.3
STAS@STAS_1@467@FCC21WPACXX:1:1101:5605:41949#TCGCCGTG/1	n_NZ_CP020822.1_prot_WP_024739918.1_1441_n	81.818	33	100	276	3.92e-15	65.1
STAS@STAS_1@473@FCC21WPACXX:1:1101:12969:42056#TCGCCGTG/1	n_NZ_CP130565.1_prot_WP_303270213.1_52_n	96.97	33	100	395	1.64e-19	77.8
STAS@STAS_1@477@FCC21WPACXX:1:1101:3370:42679#TCGCCGTG/1	n_NZ_CP118480.1_prot_WP_301496533.1_21_n	83.333	30	100	157	1.75e-11	53.9
STAS@STAS_1@483@FCC21WPACXX:1:1101:17615:42775#TCGCCGTG/1	n_NC_016616.1_prot_WP_014238124.1_3084_n	96.429	28	100	458	1.43e-15	66.6
STAS@STAS_1@494@FCC21WPACXX:1:1101:9944:44007#TCGCCGTG/1	n_NZ_CP115182.1_prot_WP_270174427.1_3620_n	84.848	33	100	329	6.11e-15	64.7
STAS@STAS_1@497@FCC21WPACXX:1:1101:12318:44317#TCGCCGTG/1	n_NZ_CP128313.1_prot_O5O44_RS00005_1_n	84.848	33	100	2465	4.74e-14	62.4
STAS@STAS_1@511@FCC21WPACXX:1:1101:11677:45381#TCGCCGTG/1	n_NZ_CP059075.1_prot_WP_034099051.1_648_n	87.879	33	100	502	6.59e-16	67.8
STAS@STAS_1@513@FCC21WPACXX:1:1101:3824:45591#TCGCCGTG/1	n_NZ_CP110257.1_prot_WP_264892110.1_2521_n	90.909	33	100	504	1.91e-15	66.6
STAS@STAS_1@517@FCC21WPACXX:1:1101:10230:45855#TCGCCGTG/1	n_NZ_CP058364.1_prot_WP_178952800.1_2632_n	87.5	32	100	254	4.72e-16	67.4
STAS@STAS_1@527@FCC21WPACXX:1:1101:17323:46381#TCGCCGTG/1	n_NZ_CP091037.1_prot_WP_235267106.1_783_n	87.5	32	100	173	4.81e-16	65.9
STAS@STAS_1@531@FCC21WPACXX:1:1101:13570:46588#TCGCCGTG/1	n_NC_015321.1_prot_WP_043024033.1_461_n	90.909	33	100	64	3.66e-17	65.9
STAS@STAS_1@53@FCC21WPACXX:1:1101:18825:5204#TCGCCGTG/1	n_NZ_CP019389.1_prot_WP_076700136.1_2250_n	81.818	33	100	435	6.66e-14	62.0
STAS@STAS_1@548@FCC21WPACXX:1:1101:5677:48394#TCGCCGTG/1	n_NZ_CP039852.1_prot_WP_139756058.1_1437_n	81.25	32	100	115	4.27e-13	57.0
STAS@STAS_1@555@FCC21WPACXX:1:1101:16612:48678#TCGCCGTG/1	n_NZ_CP015249.1_prot_WP_067649659.1_2988_n	90.323	31	100	266	3.96e-14	62.0
STAS@STAS_1@55@FCC21WPACXX:1:1101:6209:5321#TCGCCGTG/1	n_NZ_CP084316.1_prot_WP_057481108.1_2494_n	93.939	33	100	171	1.3e-16	67.4
STAS@STAS_1@56@FCC21WPACXX:1:1101:6954:5435#TCGCCGTG/1	n_NC_008702.1_prot_WP_011764694.1_955_n	87.097	31	100	197	8.73e-15	63.2
STAS@STAS_1@578@FCC21WPACXX:1:1101:4908:50145#TCGCCGTG/1	n_NZ_CP058364.1_prot_WP_178953773.1_3099_n	82.759	29	100	839	1.05e-12	58.5
STAS@STAS_1@579@FCC21WPACXX:1:1101:5471:50221#TCGCCGTG/1	n_NC_016616.1_prot_WP_014236269.1_1157_n	93.939	33	100	336	1.68e-16	69.3
STAS@STAS_1@57@FCC21WPACXX:1:1101:13085:5498#TCGCCGTG/1	n_NZ_CP116221.1_prot_WP_249997210.1_924_n	93.75	32	100	419	2.73e-14	63.2
STAS@STAS_1@581@FCC21WPACXX:1:1101:6543:50650#TCGCCGTG/1	n_NZ_CP058987.1_prot_WP_101019247.1_3154_n	87.5	32	100	174	8.84e-16	65.1
STAS@STAS_1@586@FCC21WPACXX:1:1101:8256:51194#TCGCCGTG/1	n_NZ_CP009450.1_prot_WP_006785965.1_1626_n	90.625	32	100	699	1.03e-13	61.6
STAS@STAS_1@601@FCC21WPACXX:1:1101:3990:52501#TCGCCGTG/1	n_NZ_CP059560.1_prot_WP_169206568.1_2257_n	87.5	32	100	430	1.84e-15	66.6
STAS@STAS_1@602@FCC21WPACXX:1:1101:4286:52508#TCGCCGTG/1	n_NZ_CP050301.1_prot_WP_244642479.1_1215_n	84.375	32	100	518	8.94e-11	53.1
STAS@STAS_1@606@FCC21WPACXX:1:1101:10589:52907#TCGCCGTG/1	n_NZ_CP022515.1_prot_WP_093979720.1_3878_n	93.939	33	100	280	1.03e-15	66.6
STAS@STAS_1@60@FCC21WPACXX:1:1101:9392:5864#TCGCCGTG/1	n_NC_009719.1_prot_WP_012110077.1_3563_n	100.0	33	100	259	7.15e-15	64.3
STAS@STAS_1@611@FCC21WPACXX:1:1101:6594:53552#TCGCCGTG/1	n_NC_016599.1_prot_WP_041628109.1_1709_n	83.871	31	100	394	1.69e-12	58.2
STAS@STAS_1@612@FCC21WPACXX:1:1101:16512:53657#TAGCCGTG/1	n_NZ_CP034951.1_prot_WP_128251236.1_2903_n	84.375	32	100	417	8.81e-13	58.9
STAS@STAS_1@618@FCC21WPACXX:1:1101:13863:54072#TCGCCGTG/1	n_NZ_CP019343.1_prot_WP_085760600.1_3701_n	88.462	26	100	269	1.54e-13	60.5
STAS@STAS_1@62@FCC21WPACXX:1:1101:12151:5774#TCGCCGTG/1	n_NZ_CP116419.1_prot_WP_067264597.1_2883_n	84.375	32	100	218	4.27e-14	61.6
STAS@STAS_1@630@FCC21WPACXX:1:1101:7466:54890#TCGCCGTG/1	n_NZ_CP025791.1_prot_WP_102754951.1_1179_n	87.5	32	100	1006	1.35e-13	61.2
STAS@STAS_1@633@FCC21WPACXX:1:1101:16984:55231#TCGCCGTG/1	n_NZ_CP101731.1_prot_WP_309207287.1_2016_n	100.0	32	100	492	7.13e-17	70.5
STAS@STAS_1@635@FCC21WPACXX:1:1101:19038:55212#TCGCCGTG/1	n_NZ_CP032125.1_prot_WP_118943281.1_2423_n	100.0	33	100	208	3.32e-17	69.7
STAS@STAS_1@640@FCC21WPACXX:1:1101:18839:55482#TCGCCGTG/1	n_NZ_CP071796.1_prot_WP_243457680.1_1790_n	93.939	33	100	524	5.37e-17	70.9
STAS@STAS_1@641@FCC21WPACXX:1:1101:19728:55496#TCGCCGTG/1	n_NZ_CP021825.1_prot_WP_028010485.1_869_n	84.848	33	100	638	8.62e-15	64.7
STAS@STAS_1@649@FCC21WPACXX:1:1101:18840:55947#TCGCCGTG/1	n_NZ_CP027526.1_prot_WP_106003797.1_2288_n	81.818	33	100	613	1.52e-11	55.5
STAS@STAS_1@657@FCC21WPACXX:1:1101:3162:56612#TCGCCGTG/1	n_NZ_CP017622.1_prot_WP_013383953.1_1185_n	81.25	32	100	138	6.65e-14	59.7
STAS@STAS_1@664@FCC21WPACXX:1:1101:2573:57343#TCGCCGTG/1	n_NZ_CP007440.1_prot_WP_068013553.1_515_n	84.848	33	100	121	2.28e-15	63.2
STAS@STAS_1@670@FCC21WPACXX:1:1101:1350:57857#TCGCCGTG/1	n_NZ_CP019450.1_prot_WP_084199647.1_2352_n	90.625	32	100	228	3.45e-13	59.3
STAS@STAS_1@681@FCC21WPACXX:1:1101:1204:58402#TCGCCGTG/1	n_NZ_CP034951.1_prot_WP_128249069.1_504_n	96.97	33	100	930	1.96e-16	69.3
STAS@STAS_1@684@FCC21WPACXX:1:1101:4632:58537#TCGCCGTG/1	n_NZ_CP019082.1_prot_WP_076349657.1_4729_n	86.667	30	100	288	1.01e-11	55.8
STAS@STAS_1@685@FCC21WPACXX:1:1101:6033:58663#TCGCCGTG/1	n_NZ_CP031963.1_prot_WP_081415706.1_4335_n	96.97	33	100	50	2.13e-17	66.2
STAS@STAS_1@687@FCC21WPACXX:1:1101:17214:58711#TCGCCGTG/1	n_NZ_CP020084.1_prot_WP_117353805.1_3834_n	90.909	33	100	138	1.8e-13	58.5
STAS@STAS_1@688@FCC21WPACXX:1:1101:19316:58626#TCGCCGTG/1	n_NC_012968.1_prot_WP_015832751.1_1798_n	88.889	27	100	736	2.59e-11	54.7
STAS@STAS_1@6@FCC21WPACXX:1:1101:11457:2322#TCGCCGTG/1	n_NZ_CP041222.1_prot_WP_141460815.1_3188_n	100.0	29	100	555	7.85e-14	62.0
STAS@STAS_1@728@FCC21WPACXX:1:1101:5135:62921#TCGCCGTG/1	n_NC_021150.1_prot_WP_012703021.1_4171_n	84.375	32	100	124	1.18e-15	63.9
STAS@STAS_1@72@FCC21WPACXX:1:1101:3381:7087#TCGCCGTG/1	n_NZ_CP116221.1_prot_WP_249994105.1_1266_n	81.25	32	100	333	8.25e-14	61.6
STAS@STAS_1@740@FCC21WPACXX:1:1101:4672:64245#TCGCCGTG/1	n_NZ_CP019389.1_prot_WP_076697952.1_629_n	81.818	33	100	746	2.52e-14	63.2
STAS@STAS_1@759@FCC21WPACXX:1:1101:4733:65588#TCGCCGTG/1	n_NZ_CP046908.1_prot_WP_158192157.1_111_n	81.818	33	100	417	1.65e-13	60.8
STAS@STAS_1@75@FCC21WPACXX:1:1101:14408:7240#TCGCCGTG/1	n_NZ_CP138198.1_prot_WP_011462343.1_8_n	90.323	31	100	70	5.9e-13	55.5
STAS@STAS_1@767@FCC21WPACXX:1:1101:18626:66300#TCGCCGTG/1	n_NZ_CP102745.1_prot_WP_258204954.1_470_n	93.333	30	100	743	2.16e-14	63.5
STAS@STAS_1@774@FCC21WPACXX:1:1101:9174:66951#TCGCCGTG/1	n_NZ_AP022671.1_prot_WP_197742021.1_2800_n	82.759	29	100	327	2.01e-13	60.5
STAS@STAS_1@779@FCC21WPACXX:1:1101:6522:67470#TCGCCGTG/1	n_NZ_CP049773.1_prot_WP_106689209.1_254_n	81.25	32	100	314	1.02e-14	63.9
STAS@STAS_1@781@FCC21WPACXX:1:1101:17631:67342#TCGCCGTG/1	n_NZ_CP142519.1_prot_WP_272973967.1_2653_n	96.97	33	100	274	2.96e-15	65.5
STAS@STAS_1@785@FCC21WPACXX:1:1101:9435:67723#TCGCCGTG/1	n_NZ_CP116419.1_prot_WP_271693680.1_1405_n	96.97	33	100	254	1.49e-17	71.2
STAS@STAS_1@789@FCC21WPACXX:1:1101:4717:67779#TCGCCGTG/1	n_NZ_CP116005.1_prot_WP_013520785.1_3980_n	100.0	33	100	304	3.99e-16	67.8
STAS@STAS_1@799@FCC21WPACXX:1:1101:6628:69050#TCGCCGTG/1	n_NZ_CP054475.1_prot_HUF19_RS16420_3207_n	81.818	33	100	540	4.74e-13	59.7
STAS@STAS_1@800@FCC21WPACXX:1:1101:10752:69011#TCGCCGTG/1	n_NZ_CP035510.1_prot_WP_035708981.1_2043_n	90.625	32	100	266	9.7e-17	69.3
STAS@STAS_1@804@FCC21WPACXX:1:1101:16521:69078#TCGCCGTG/1	n_NZ_CP097267.1_prot_WP_272548885.1_3608_n	90.909	33	100	140	4.92e-17	67.8
STAS@STAS_1@80@FCC21WPACXX:1:1101:20864:7542#TCGCCGTG/1	n_NZ_CP042431.1_prot_WP_130542499.1_1116_n	92.308	26	100	324	1.61e-11	55.5
STAS@STAS_1@812@FCC21WPACXX:1:1101:2544:70107#TCGCCGTG/1	n_NZ_CP116221.1_prot_WP_249995782.1_1159_n	96.875	32	100	793	1.67e-15	66.6
STAS@STAS_1@818@FCC21WPACXX:1:1101:10436:70424#TCGCCGTG/1	n_NZ_CP059560.1_prot_WP_169206700.1_941_n	93.75	32	100	251	1.25e-15	66.2
STAS@STAS_1@81@FCC21WPACXX:1:1101:14455:7781#TCGCCGTG/1	n_NZ_CP019288.1_prot_WP_160128925.1_1505_n	84.848	33	100	685	1.76e-14	63.5
STAS@STAS_1@823@FCC21WPACXX:1:1101:1397:71175#TCGCCGTG/1	n_NZ_CP007440.1_prot_WP_068013553.1_515_n	81.25	32	100	121	1.5e-12	55.8
STAS@STAS_1@831@FCC21WPACXX:1:1101:18854:71529#TCGCCGTG/1	n_NZ_CP028339.1_prot_WP_107222469.1_3002_n	81.818	33	100	1014	6.03e-14	62.0
STAS@STAS_1@83@FCC21WPACXX:1:1101:7228:8024#TCGCCGTG/1	n_NZ_CP039456.1_prot_WP_142783967.1_872_n	90.909	33	100	400	1.2e-15	67.0
STAS@STAS_1@843@FCC21WPACXX:1:1101:8584:72573#TCGCCGTG/1	n_NZ_HG916765.1_prot_WP_043684426.1_3145_n	100.0	33	100	614	1.57e-18	75.1
STAS@STAS_1@846@FCC21WPACXX:1:1101:7194:72960#TCGCCGTG/1	n_NZ_CP081037.1_prot_WP_260007396.1_669_n	83.871	31	100	150	1.39e-13	58.9
STAS@STAS_1@848@FCC21WPACXX:1:1101:17811:73083#TCGCCGTG/1	n_NZ_CP009553.3_prot_WP_023873081.1_4094_n	93.75	32	100	328	1.31e-15	66.6
STAS@STAS_1@849@FCC21WPACXX:1:1101:2437:73391#TCGCCGTG/1	n_NZ_CP058595.1_prot_WP_228027936.1_963_n	85.714	28	100	192	4.37e-11	53.1
STAS@STAS_1@850@FCC21WPACXX:1:1101:7647:73279#TCGCCGTG/1	n_NZ_CP022985.1_prot_WP_117174498.1_1774_n	89.655	29	100	116	1.15e-14	61.2
STAS@STAS_1@859@FCC21WPACXX:1:1101:14258:73760#TCGCCGTG/1	n_NZ_CP037922.1_prot_WP_133274616.1_1229_n	81.818	33	100	323	2.55e-15	65.9
STAS@STAS_1@867@FCC21WPACXX:1:1101:2964:74849#TCGCCGTG/1	n_NZ_CP045344.1_prot_WP_152510245.1_3176_n	87.097	31	100	408	1.26e-12	58.5
STAS@STAS_1@869@FCC21WPACXX:1:1101:7868:75213#TCGCCGTG/1	n_NZ_CP142519.1_prot_WP_013185866.1_337_n	93.939	33	100	156	2.46e-19	73.9
STAS@STAS_1@86@FCC21WPACXX:1:1101:18782:8008#TCGCCGTG/1	n_NZ_CP040128.1_prot_WP_146330777.1_2766_n	96.97	33	100	458	5.72e-16	67.8
STAS@STAS_1@875@FCC21WPACXX:1:1101:21008:75696#TCGCCGTG/1	n_NZ_CP015421.1_prot_WP_042460617.1_1848_n	81.25	32	100	1299	7.48e-11	53.5
STAS@STAS_1@885@FCC21WPACXX:1:1101:11210:76826#TCGCCGTG/1	n_NC_018018.1_prot_WP_014796718.1_767_n	87.5	32	100	424	3.89e-15	65.5
STAS@STAS_1@886@FCC21WPACXX:1:1101:15042:76976#TCGCCGTG/1	n_NZ_CP042382.1_prot_WP_147184314.1_1809_n	84.848	33	100	452	8.57e-15	64.7
STAS@STAS_1@889@FCC21WPACXX:1:1101:7547:77349#TCGCCGTG/1	n_NZ_CP072611.1_prot_WP_209736346.1_2593_n	84.375	32	100	671	5.71e-12	56.6
STAS@STAS_1@890@FCC21WPACXX:1:1101:14506:77327#TCGCCGTG/1	n_NZ_CP032382.1_prot_WP_119757383.1_5438_n	81.25	32	100	419	1.03e-14	64.3
STAS@STAS_1@896@FCC21WPACXX:1:1101:2936:77981#TCGCCGTG/1	n_NZ_CP034951.1_prot_WP_128249100.1_538_n	82.759	29	100	508	6.4e-11	53.5
STAS@STAS_1@8@FCC21WPACXX:1:1101:19745:2383#TCGCCGTG/1	n_NC_008044.1_prot_WP_011537987.1_635_n	93.939	33	100	625	9.15e-16	67.4
STAS@STAS_1@900@FCC21WPACXX:1:1101:5660:78411#TCGCCGTG/1	n_NZ_CP019044.1_prot_WP_075995368.1_233_n	84.375	32	100	169	2.84e-13	58.5
STAS@STAS_1@901@FCC21WPACXX:1:1101:13684:78452#TCGCCGTG/1	n_NZ_AP014936.1_prot_WP_096462441.1_3509_n	81.818	33	100	472	8.19e-14	62.0
STAS@STAS_1@904@FCC21WPACXX:1:1101:20986:78713#TCGCCGTG/1	n_NZ_CP010951.1_prot_WP_061496234.1_695_n	81.818	33	100	123	5.22e-15	62.0
STAS@STAS_1@907@FCC21WPACXX:1:1101:8226:78813#TCGCCGTG/1	n_NZ_CP118480.1_prot_WP_301494191.1_2537_n	84.375	32	100	516	9.01e-14	61.6
STAS@STAS_1@914@FCC21WPACXX:1:1101:2267:79492#TCGCCGTG/1	n_NC_018178.1_prot_WP_014856187.1_1541_n	82.759	29	100	469	3.1e-12	57.4
STAS@STAS_1@91@FCC21WPACXX:1:1101:16134:8341#TCGCCGTG/1	n_NZ_CP011412.1_prot_WP_046859392.1_1788_n	96.97	33	100	463	1.23e-14	64.3
STAS@STAS_1@937@FCC21WPACXX:1:1101:14354:81535#TCGCCGTG/1	n_NZ_CP053923.1_prot_WP_263053799.1_2176_n	81.818	33	100	250	1.91e-14	62.8
STAS@STAS_1@941@FCC21WPACXX:1:1101:16073:81956#TCGCCGTG/1	n_NZ_CP032382.1_prot_WP_073131699.1_5500_n	83.871	31	100	223	3.26e-15	64.7
STAS@STAS_1@960@FCC21WPACXX:1:1101:3413:83886#TCGCCGTG/1	n_NZ_CP059560.1_prot_WP_169207982.1_1663_n	90.909	33	100	252	7.13e-19	74.7
STAS@STAS_1@962@FCC21WPACXX:1:1101:10242:83841#TCGCCGTG/1	n_NZ_CP014671.1_prot_WP_068803581.1_1317_n	84.615	26	100	144	4.35e-12	55.1
STAS@STAS_1@976@FCC21WPACXX:1:1101:17995:84332#TCGCCGTG/1	n_NZ_CP041690.1_prot_WP_147657019.1_3281_n	87.879	33	100	422	1.15e-14	64.3
STAS@STAS_1@977@FCC21WPACXX:1:1101:2013:84720#TCGCCGTG/1	n_NZ_AP024239.1_prot_WP_096364323.1_2265_n	81.818	33	100	577	4.16e-14	62.8
STAS@STAS_1@979@FCC21WPACXX:1:1101:6835:84509#TCGCCGTG/1	n_NZ_CP059560.1_prot_WP_169208232.1_2123_n	90.625	32	100	224	3.43e-14	62.0
STAS@STAS_1@984@FCC21WPACXX:1:1101:17366:84969#TCGCCGTG/1	n_NZ_AP024239.1_prot_WP_096364516.1_2161_n	81.25	32	100	90	2.84e-14	59.3
STAS@STAS_1@986@FCC21WPACXX:1:1101:12598:85159#TCGCCGTG/1	n_NZ_CP025791.1_prot_WP_102756764.1_3121_n	90.625	32	100	366	7.04e-16	67.4
STAS@STAS_2@103@FCC21WPACXX:1:1101:7968:9814#TCGCCGTG/2	n_NZ_AP024239.1_prot_WP_096364516.1_2161_n	81.818	33	100	90	3.41e-15	61.6
STAS@STAS_2@112@FCC21WPACXX:1:1101:19598:10465#TCGCCGTG/2	n_NZ_CP025791.1_prot_WP_102758224.1_1819_n	90.625	32	100	2437	6.04e-15	65.1
STAS@STAS_2@116@FCC21WPACXX:1:1101:15958:10801#TCGCCGTG/2	n_NZ_CP019419.1_prot_WP_068355695.1_1808_n	84.375	32	100	239	4.79e-14	61.6
STAS@STAS_2@121@FCC21WPACXX:1:1101:18439:11115#TCGCCGTG/2	n_NZ_CP025791.1_prot_WP_102758224.1_1819_n	82.143	28	100	2437	1.04e-11	55.8
STAS@STAS_2@129@FCC21WPACXX:1:1101:12781:12302#TCGCCGTG/2	n_NZ_CP084316.1_prot_WP_070054240.1_987_n	81.25	32	100	560	2.07e-13	60.5
STAS@STAS_2@12@FCC21WPACXX:1:1101:16273:2681#TCGCCGTG/2	n_NC_018012.1_prot_WP_014777103.1_548_n	80.645	31	100	130	1.58e-12	55.8
STAS@STAS_2@145@FCC21WPACXX:1:1101:19988:13387#TCGCCGTG/2	n_NZ_CP048410.1_prot_WP_219548622.1_2583_n	87.879	33	100	216	1.16e-17	70.9
STAS@STAS_2@169@FCC21WPACXX:1:1101:3242:15695#TCGCCGTG/2	n_NZ_CP061368.1_prot_WP_190976042.1_733_n	81.25	32	100	80	4.76e-12	53.5
STAS@STAS_2@170@FCC21WPACXX:1:1101:14251:15599#TCGCCGTG/2	n_NZ_CP110108.1_prot_WP_264672796.1_1714_n	90.909	33	100	112	2.37e-16	65.5
STAS@STAS_2@174@FCC21WPACXX:1:1101:14457:15805#TCGCCGTG/2	n_NC_016599.1_prot_WP_041628123.1_1748_n	84.375	32	100	709	9.24e-14	61.6
STAS@STAS_2@181@FCC21WPACXX:1:1101:8633:16892#TCGCCGTG/2	n_NZ_CP128313.1_prot_WP_289196449.1_2396_n	90.323	31	100	328	4.22e-13	59.7
STAS@STAS_2@184@FCC21WPACXX:1:1101:18525:17037#TCGCCGTG/2	n_NZ_AP012273.1_prot_WP_041068919.1_2508_p	93.939	33	100	130	1.15e-17	68.9
STAS@STAS_2@192@FCC21WPACXX:1:1101:12282:17792#TCGCCGTG/2	n_NZ_CP034951.1_prot_WP_128251557.1_1375_n	93.333	30	100	327	3.7e-14	62.8
STAS@STAS_2@198@FCC21WPACXX:1:1101:8951:18665#TCGCCGTG/2	n_NZ_CP059560.1_prot_WP_169205318.1_1023_n	87.5	32	100	495	8.95e-14	61.6
STAS@STAS_2@218@FCC21WPACXX:1:1101:1966:21254#TCGCCGTG/2	n_NZ_CP097540.1_prot_WP_044028077.1_3293_n	80.0	30	100	249	1.13e-12	58.2
STAS@STAS_2@223@FCC21WPACXX:1:1101:5823:21711#TCGCCGTG/2	n_NZ_CP035544.1_prot_WP_129605347.1_1892_n	84.375	32	100	181	1.55e-13	59.7
STAS@STAS_2@235@FCC21WPACXX:1:1101:9707:22292#TCGCCGTG/2	n_NZ_CP034951.1_prot_WP_128250739.1_2360_n	100.0	32	100	284	7.58e-17	69.7
STAS@STAS_2@237@FCC21WPACXX:1:1101:13121:22310#TCGCCGTG/2	n_NZ_CP091037.1_prot_WP_235265890.1_2915_n	88.889	27	100	358	2.5e-11	54.7
STAS@STAS_2@251@FCC21WPACXX:1:1101:18989:23059#TCGCCGTG/2	n_NZ_CP034951.1_prot_WP_240673197.1_1894_n	90.323	31	100	2418	5.83e-13	59.3
STAS@STAS_2@255@FCC21WPACXX:1:1101:20549:23275#TCGCCGTG/2	n_NC_018018.1_prot_WP_014796658.1_706_n	87.879	33	100	311	1.36e-15	66.6
STAS@STAS_2@256@FCC21WPACXX:1:1101:11533:23509#TCGCCGTG/2	n_NZ_CP119758.1_prot_WP_276168253.1_1208_n	87.879	33	100	721	1.21e-14	64.3
STAS@STAS_2@258@FCC21WPACXX:1:1101:15430:23620#TCGCCGTG/2	n_NZ_CP072611.1_prot_WP_209736346.1_2593_n	90.909	33	100	671	2.2e-14	63.5
STAS@STAS_2@25@FCC21WPACXX:1:1101:4094:3858#TCGCCGTG/2	n_NZ_CP128313.1_prot_WP_289196449.1_2396_n	93.75	32	100	328	4.78e-14	62.4
STAS@STAS_2@269@FCC21WPACXX:1:1101:4269:24750#TCGCCGTG/2	n_NZ_CP097267.1_prot_WP_272548469.1_3188_n	96.97	33	100	275	3.05e-18	73.6
STAS@STAS_2@271@FCC21WPACXX:1:1101:13240:24577#GCGCCGTG/2	n_NZ_CP116221.1_prot_WP_249992869.1_3263_n	80.0	30	100	564	2.33e-11	54.7
STAS@STAS_2@273@FCC21WPACXX:1:1101:16669:24956#TCGCCGTG/2	n_NZ_CP034951.1_prot_WP_128249414.1_887_n	83.871	31	100	267	1.06e-12	58.2
STAS@STAS_2@274@FCC21WPACXX:1:1101:1502:25011#TCGCCGTG/2	n_NZ_CP028339.1_prot_WP_107219674.1_278_n	93.333	30	100	316	6.21e-14	62.0
STAS@STAS_2@275@FCC21WPACXX:1:1101:3676:25023#TCGCCGTG/2	n_NZ_CP029210.1_prot_WP_109035851.1_1273_n	81.818	33	100	478	7.25e-12	56.2
STAS@STAS_2@276@FCC21WPACXX:1:1101:6676:25060#TCGCCGTG/2	n_NZ_CP032382.1_prot_WP_073131699.1_5500_n	90.909	33	100	223	1.88e-16	67.8
STAS@STAS_2@282@FCC21WPACXX:1:1101:1196:25259#TCGCCGTG/2	n_NZ_CP025938.1_prot_WP_102996223.1_2520_n	93.548	31	100	280	1.04e-13	61.2
STAS@STAS_2@285@FCC21WPACXX:1:1101:12416:25303#TCGCCGTG/2	n_NZ_AP012273.1_prot_WP_041070513.1_1385_p	81.25	32	100	357	2.33e-11	54.7
STAS@STAS_2@289@FCC21WPACXX:1:1101:14036:25601#TCGCCGTG/2	n_NZ_CP004396.1_prot_WP_043872317.1_4737_n	96.97	33	100	1458	1.71e-17	72.4
STAS@STAS_2@291@FCC21WPACXX:1:1101:18037:25659#TCGCCGTG/2	n_NZ_CP028339.1_prot_WP_107221344.1_2268_n	93.75	32	100	476	9.14e-14	61.6
STAS@STAS_2@299@FCC21WPACXX:1:1101:9360:26213#TCGCCGTG/2	n_NZ_CP031963.1_prot_WP_118461617.1_4229_n	84.375	32	100	683	3.55e-13	60.1
STAS@STAS_2@29@FCC21WPACXX:1:1101:18614:3861#TCGCCGTG/2	n_NZ_AP018558.1_prot_WP_269461304.1_919_n	96.97	33	100	570	1.53e-17	72.4
STAS@STAS_2@300@FCC21WPACXX:1:1101:16025:26131#TCGCCGTG/2	n_NZ_CP085530.1_prot_WP_017507114.1_3101_n	93.75	32	100	476	1.53e-13	60.8
STAS@STAS_2@311@FCC21WPACXX:1:1101:13163:27175#TCGCCGTG/2	n_NZ_CP072611.1_prot_WP_209736346.1_2593_n	90.625	32	100	671	7.31e-15	64.7
STAS@STAS_2@316@FCC21WPACXX:1:1101:11372:27530#TCGCCGTG/2	n_NZ_CP041352.1_prot_WP_156864265.1_3740_n	84.848	33	100	497	4.01e-15	65.5
STAS@STAS_2@321@FCC21WPACXX:1:1101:19357:27930#TCGCCGTG/2	n_NC_008609.1_prot_WP_011735463.1_1563_n	81.818	33	100	116	2.95e-13	57.4
STAS@STAS_2@328@FCC21WPACXX:1:1101:12118:28505#TCGCCGTG/2	n_NC_015914.1_prot_WP_041935214.1_3438_n	80.645	31	100	505	1.72e-14	63.9
STAS@STAS_2@33@FCC21WPACXX:1:1101:18390:4210#TCGCCGTG/2	n_NZ_CP034951.1_prot_WP_128249069.1_504_n	93.939	33	100	930	5.21e-16	68.2
STAS@STAS_2@341@FCC21WPACXX:1:1101:17350:29499#TCGCCGTG/2	n_NZ_AP027741.1_prot_WP_286303517.1_1764_n	89.655	29	100	424	4.48e-15	65.5
STAS@STAS_2@342@FCC21WPACXX:1:1101:17576:29368#TCGCCGTG/2	n_NZ_CP084316.1_prot_WP_208224146.1_712_n	81.25	32	100	602	2.91e-12	57.4
STAS@STAS_2@350@FCC21WPACXX:1:1101:8529:30304#TCGCCGTG/2	n_NZ_CP142519.1_prot_WP_013185954.1_425_n	90.323	31	100	150	8.68e-16	64.7
STAS@STAS_2@351@FCC21WPACXX:1:1101:15298:30253#TCGCCGTG/2	n_NZ_CP021112.1_prot_WP_086086417.1_515_n	90.909	33	100	320	1.1e-14	63.9
STAS@STAS_2@35@FCC21WPACXX:1:1101:5610:4434#TCGCCGTG/2	n_NZ_CP035303.1_prot_WP_011450290.1_324_n	86.667	30	100	109	6.64e-16	63.9
STAS@STAS_2@370@FCC21WPACXX:1:1101:2488:31702#TCGCCGTG/2	n_NZ_CP017478.1_prot_WP_070237650.1_2518_n	100.0	33	100	448	1.13e-17	72.8
STAS@STAS_2@375@FCC21WPACXX:1:1101:2947:31831#TCGCCGTG/2	n_NZ_CP102745.1_prot_WP_014791550.1_1725_n	100.0	30	100	321	2.87e-17	71.2
STAS@STAS_2@378@FCC21WPACXX:1:1101:11082:31962#TCGCCGTG/2	n_NC_017538.1_prot_WP_012561376.1_316_n	93.75	32	100	579	2.53e-15	66.2
STAS@STAS_2@386@FCC21WPACXX:1:1101:6671:32448#TCGCCGTG/2	n_NZ_CP140158.1_prot_WP_026309351.1_2342_n	93.939	33	100	477	6.28e-15	65.1
STAS@STAS_2@392@FCC21WPACXX:1:1101:13261:32902#TCGCCGTG/2	n_NZ_CP102486.1_prot_WP_265947010.1_931_n	84.375	32	100	234	6.83e-14	61.2
STAS@STAS_2@402@FCC21WPACXX:1:1101:4014:33703#TCGCCGTG/2	n_NC_014221.1_prot_WP_013179343.1_2882_p	80.645	31	100	496	6.77e-12	56.2
STAS@STAS_2@430@FCC21WPACXX:1:1101:12587:35687#TCGCCGTG/2	n_NZ_CP059560.1_prot_WP_169207844.1_1451_n	84.375	32	100	264	2.29e-11	54.7
STAS@STAS_2@466@FCC21WPACXX:1:1101:17044:39281#TCGCCGTG/2	n_NZ_CP041352.1_prot_WP_033991643.1_135_n	83.871	31	100	730	3.36e-12	57.4
STAS@STAS_2@467@FCC21WPACXX:1:1101:17389:39291#TCGCCGTG/2	n_NZ_HG916765.1_prot_WP_043684426.1_3145_n	84.848	33	100	614	1.1e-13	61.6
STAS@STAS_2@476@FCC21WPACXX:1:1101:8938:41085#TCGCCGTG/2	n_NZ_CP019312.1_prot_WP_076629014.1_2716_n	83.333	30	100	250	7.41e-12	55.8
STAS@STAS_2@47@FCC21WPACXX:1:1101:16627:5240#TCGCCGTG/2	n_NZ_CP113088.1_prot_WP_267677496.1_925_n	86.207	29	100	820	7.17e-13	58.9
STAS@STAS_2@480@FCC21WPACXX:1:1101:2090:41591#TCGCCGTG/2	n_NZ_LR593887.1_prot_WP_162657593.1_1792_n	81.818	33	100	445	2.45e-12	57.8
STAS@STAS_2@483@FCC21WPACXX:1:1101:5605:41949#TCGCCGTG/2	n_NZ_CP025938.1_prot_WP_102994564.1_542_n	87.5	32	100	265	5.07e-15	64.7
STAS@STAS_2@484@FCC21WPACXX:1:1101:2587:42203#TCGCCGTG/2	n_NZ_CP017141.1_prot_WP_069380283.1_3228_n	82.143	28	100	772	2.95e-12	57.4
STAS@STAS_2@486@FCC21WPACXX:1:1101:12969:42056#TCGCCGTG/2	n_NC_015177.1_prot_WP_013632396.1_1309_p	82.143	28	100	418	2.41e-12	57.8
STAS@STAS_2@496@FCC21WPACXX:1:1101:17615:42775#TCGCCGTG/2	n_NC_016002.1_prot_WP_014086628.1_1374_n	87.5	32	100	481	6.55e-15	64.7
STAS@STAS_2@49@FCC21WPACXX:1:1101:6209:5321#TCGCCGTG/2	n_NZ_CP142519.1_prot_WP_327018683.1_20_n	83.333	30	100	171	1.34e-13	59.7
STAS@STAS_2@505@FCC21WPACXX:1:1101:9944:44007#TCGCCGTG/2	n_NZ_CP021112.1_prot_WP_086089432.1_3850_n	84.848	33	100	292	4.96e-14	62.0
STAS@STAS_2@508@FCC21WPACXX:1:1101:12318:44317#TCGCCGTG/2	n_NZ_CP128313.1_prot_O5O44_RS00005_1_n	80.645	31	100	2465	1.68e-11	55.1
STAS@STAS_2@517@FCC21WPACXX:1:1101:11677:45381#TCGCCGTG/2	n_NZ_CP119758.1_prot_WP_276167991.1_931_n	84.848	33	100	504	8.34e-14	61.6
STAS@STAS_2@519@FCC21WPACXX:1:1101:3824:45591#TCGCCGTG/2	n_NZ_CP003915.1_prot_WP_025371962.1_1300_n	100.0	33	100	497	5.68e-18	73.6
STAS@STAS_2@521@FCC21WPACXX:1:1101:19148:45578#TCGCCGTG/2	n_NZ_CP022579.1_prot_WP_149426428.1_891_n	87.5	32	100	363	7.99e-14	61.6
STAS@STAS_2@535@FCC21WPACXX:1:1101:13570:46588#TCGCCGTG/2	n_NC_015177.1_prot_WP_013631656.1_567_p	89.655	29	100	68	1.99e-13	56.6
STAS@STAS_2@558@FCC21WPACXX:1:1101:20972:48585#TCGCCGTG/2	n_NZ_CP064942.1_prot_WP_196104482.1_1179_n	81.25	32	100	413	1.62e-15	66.6
STAS@STAS_2@563@FCC21WPACXX:1:1101:17167:48803#TCGCCGTG/2	n_NZ_CP076132.1_prot_WP_169662610.1_3013_n	81.25	32	100	420	2.83e-13	60.5
STAS@STAS_2@568@FCC21WPACXX:1:1101:16577:49272#TCGCCGTG/2	n_NZ_CP058364.1_prot_WP_178951513.1_1932_n	84.848	33	100	79	3.5e-15	61.6
STAS@STAS_2@575@FCC21WPACXX:1:1101:5471:50221#TCGCCGTG/2	n_NZ_CP023422.1_prot_WP_096233718.1_861_n	96.296	27	100	331	2.51e-12	57.4
STAS@STAS_2@591@FCC21WPACXX:1:1101:15526:51001#TCGCCGTG/2	n_NZ_CP043931.1_prot_WP_149302415.1_5318_n	90.625	32	100	266	2.22e-17	70.9
STAS@STAS_2@5@FCC21WPACXX:1:1101:19745:2383#TCGCCGTG/2	n_NZ_CP022540.1_prot_WP_094036557.1_4148_n	90.625	32	100	625	2.55e-14	63.2
STAS@STAS_2@605@FCC21WPACXX:1:1101:3990:52501#TCGCCGTG/2	n_NZ_CP059560.1_prot_WP_169206568.1_2257_n	90.625	32	100	430	1.92e-16	69.3
STAS@STAS_2@610@FCC21WPACXX:1:1101:10589:52907#TCGCCGTG/2	n_NZ_CP025938.1_prot_WP_102996223.1_2520_n	96.97	33	100	280	9.79e-15	63.9
STAS@STAS_2@632@FCC21WPACXX:1:1101:9852:54608#TCGCCGTG/2	n_NZ_CP015093.1_prot_WP_076696519.1_735_n	90.625	32	100	430	7.51e-14	62.0
STAS@STAS_2@634@FCC21WPACXX:1:1101:7466:54890#TCGCCGTG/2	n_NZ_CP034951.1_prot_WP_128251283.1_2957_n	86.207	29	100	1004	8.47e-12	56.2
STAS@STAS_2@637@FCC21WPACXX:1:1101:16984:55231#TCGCCGTG/2	n_NZ_CP029606.1_prot_WP_129448820.1_1370_n	87.5	32	100	517	1.31e-13	61.2
STAS@STAS_2@638@FCC21WPACXX:1:1101:18692:55137#TCGCCGTG/2	n_NZ_CP035512.1_prot_WP_131389707.1_2767_n	90.323	31	100	91	7.26e-15	60.8
STAS@STAS_2@640@FCC21WPACXX:1:1101:19038:55212#TCGCCGTG/2	n_NZ_CP032125.1_prot_WP_118943281.1_2423_n	96.552	29	100	208	1.67e-14	62.4
STAS@STAS_2@644@FCC21WPACXX:1:1101:18839:55482#TCGCCGTG/2	n_NC_007404.1_prot_WP_238376524.1_75_n	93.939	33	100	531	1.03e-13	61.6
STAS@STAS_2@645@FCC21WPACXX:1:1101:19728:55496#TCGCCGTG/2	n_NZ_CP011479.1_prot_WP_047028975.1_582_n	84.375	32	100	638	1e-13	61.6
STAS@STAS_2@649@FCC21WPACXX:1:1101:15064:55704#TCGCCGTG/2	n_NZ_CP011412.1_prot_WP_046860911.1_244_n	82.143	28	100	193	1.39e-11	54.7
STAS@STAS_2@652@FCC21WPACXX:1:1101:3795:55913#TCGCCGTG/2	n_NZ_CP034951.1_prot_WP_128250920.1_2556_n	81.818	33	100	1108	4.75e-12	57.0
STAS@STAS_2@655@FCC21WPACXX:1:1101:18840:55947#TCGCCGTG/2	n_NZ_CP018154.1_prot_WP_072559806.1_2060_n	89.655	29	100	608	5.65e-12	56.6
STAS@STAS_2@660@FCC21WPACXX:1:1101:7334:56815#TCGCCGTG/2	n_NZ_CP039456.1_prot_WP_142785340.1_2396_n	93.939	33	100	518	1.67e-14	63.9
STAS@STAS_2@662@FCC21WPACXX:1:1101:6163:57200#TCGCCGTG/2	n_NZ_CP072632.1_prot_J8C08_RS16160_6_n	90.625	32	100	182	3.35e-16	66.6
STAS@STAS_2@665@FCC21WPACXX:1:1101:2573:57343#TCGCCGTG/2	n_NZ_CP007440.1_prot_WP_068013553.1_515_n	81.818	33	100	121	2.69e-14	60.5
STAS@STAS_2@669@FCC21WPACXX:1:1101:18325:57935#TCGCCGTG/2	n_NZ_CP081037.1_prot_WP_260007966.1_1443_n	83.871	31	100	482	4.1e-13	59.7
STAS@STAS_2@673@FCC21WPACXX:1:1101:6384:58163#TCGCCGTG/2	n_NZ_CP011412.1_prot_WP_046860174.1_2734_n	80.0	30	100	317	1.57e-12	58.2
STAS@STAS_2@674@FCC21WPACXX:1:1101:1204:58402#TCGCCGTG/2	n_NZ_CP034951.1_prot_WP_128249069.1_504_n	96.552	29	100	930	1.4e-14	63.9
STAS@STAS_2@684@FCC21WPACXX:1:1101:19316:58626#TCGCCGTG/2	n_NZ_LR778301.1_prot_WP_145770894.1_2055_n	87.879	33	100	738	1.14e-15	67.0
STAS@STAS_2@690@FCC21WPACXX:1:1101:5245:59342#TCGCCGTG/2	n_NC_013223.1_prot_WP_015752337.1_1860_n	80.0	30	100	334	2.49e-11	54.7
STAS@STAS_2@695@FCC21WPACXX:1:1101:2765:59502#TCGCCGTG/2	n_NC_007404.1_prot_WP_011312721.1_2216_n	87.097	31	100	231	1.94e-13	60.1
STAS@STAS_2@703@FCC21WPACXX:1:1101:3697:60478#TCGCCGTG/2	n_NZ_CP097540.1_prot_WP_012177771.1_1120_n	84.375	32	100	409	2.83e-11	54.7
STAS@STAS_2@726@FCC21WPACXX:1:1101:8369:63247#TCGCCGTG/2	n_NZ_CP084316.1_prot_WP_225573937.1_1476_n	83.333	30	100	504	1.09e-12	58.5
STAS@STAS_2@742@FCC21WPACXX:1:1101:20761:64488#TCGCCGTG/2	n_NZ_CP076361.1_prot_WP_215504011.1_426_n	93.75	32	100	137	4.14e-16	65.1
STAS@STAS_2@752@FCC21WPACXX:1:1101:14886:65113#TCGCCGTG/2	n_NZ_AP023067.1_prot_WP_002215005.1_2093_n	80.645	31	100	193	4.05e-15	63.9
STAS@STAS_2@754@FCC21WPACXX:1:1101:7092:65266#TCGCCGTG/2	n_NZ_CP060398.1_prot_WP_197157410.1_1437_n	84.848	33	100	227	7.12e-13	58.5
STAS@STAS_2@758@FCC21WPACXX:1:1101:4733:65588#TCGCCGTG/2	n_NZ_CP046908.1_prot_WP_158192157.1_111_n	81.25	32	100	417	9.16e-13	58.9
STAS@STAS_2@765@FCC21WPACXX:1:1101:5409:65867#TCGCCGTG/2	n_NZ_CP031514.1_prot_WP_194426273.1_2774_n	80.0	30	100	170	2.26e-11	53.5
STAS@STAS_2@76@FCC21WPACXX:1:1101:18882:7157#TCGCCGTG/2	n_NZ_CP098805.1_prot_WP_235164636.1_1064_n	82.759	29	100	225	2.85e-11	53.9
STAS@STAS_2@773@FCC21WPACXX:1:1101:10025:66449#TCGCCGTG/2	n_NC_008702.1_prot_WP_011766503.1_2777_n	80.645	31	100	339	1.81e-11	55.1
STAS@STAS_2@77@FCC21WPACXX:1:1101:12702:7462#TCGCCGTG/2	n_NZ_ABIZ01000001.1_prot_WP_009958631.1_560_n	81.818	33	100	458	3.06e-13	60.1
STAS@STAS_2@784@FCC21WPACXX:1:1101:9174:66951#TCGCCGTG/2	n_NZ_CP011270.1_prot_WP_075095676.1_5059_n	90.0	30	100	330	1.71e-14	63.5
STAS@STAS_2@789@FCC21WPACXX:1:1101:10971:67220#TCGCCGTG/2	n_NZ_CP116221.1_prot_WP_249995173.1_200_n	84.848	33	100	510	2.99e-15	65.9
STAS@STAS_2@793@FCC21WPACXX:1:1101:17414:67271#TCGCCGTG/2	n_NZ_CP028339.1_prot_WP_107219674.1_278_n	90.625	32	100	316	8.32e-16	67.0
STAS@STAS_2@796@FCC21WPACXX:1:1101:9435:67723#TCGCCGTG/2	n_NZ_AP022337.1_prot_WP_043138612.1_2477_n	90.625	32	100	249	8.53e-16	66.6
STAS@STAS_2@804@FCC21WPACXX:1:1101:14729:68230#TCGCCGTG/2	n_NZ_CP045410.1_prot_WP_152497074.1_2444_n	100.0	27	100	479	1.14e-12	58.5
STAS@STAS_2@810@FCC21WPACXX:1:1101:8007:68760#TCGCCGTG/2	n_NZ_CP025938.1_prot_WP_102996848.1_3259_n	81.25	32	100	50	5.73e-14	57.4
STAS@STAS_2@813@FCC21WPACXX:1:1101:10752:69011#TCGCCGTG/2	n_NZ_CP076361.1_prot_WP_215504885.1_2124_n	90.625	32	100	262	5.69e-16	67.0
STAS@STAS_2@816@FCC21WPACXX:1:1101:16521:69078#TCGCCGTG/2	n_NZ_CP097267.1_prot_WP_272548885.1_3608_n	90.909	33	100	140	8.5e-18	69.7
STAS@STAS_2@826@FCC21WPACXX:1:1101:2544:70107#TCGCCGTG/2	n_NZ_CP019389.1_prot_WP_076702493.1_2453_n	89.655	29	100	806	1.32e-11	55.5
STAS@STAS_2@830@FCC21WPACXX:1:1101:11743:70096#TCGCCGTG/2	n_NZ_CP129963.1_prot_WP_301990531.1_2491_n	82.759	29	100	182	4.02e-11	53.1
STAS@STAS_2@832@FCC21WPACXX:1:1101:10436:70424#TCGCCGTG/2	n_NZ_CP022579.1_prot_WP_054620868.1_1651_n	90.909	33	100	252	5.96e-14	61.6
STAS@STAS_2@838@FCC21WPACXX:1:1101:2853:71006#TCGCCGTG/2	n_NZ_CP049773.1_prot_WP_106686751.1_819_n	93.548	31	100	124	1.56e-15	63.5
STAS@STAS_2@853@FCC21WPACXX:1:1101:11503:72156#TCGCCGTG/2	n_NZ_CP031093.1_prot_WP_136549970.1_3071_n	83.333	30	100	344	4.52e-12	57.0
STAS@STAS_2@856@FCC21WPACXX:1:1101:8584:72573#TCGCCGTG/2	n_NZ_CP095475.1_prot_WP_054022056.1_828_n	90.909	33	100	616	1.34e-15	67.0
STAS@STAS_2@862@FCC21WPACXX:1:1101:17811:73083#TCGCCGTG/2	n_NZ_OY762534.1_prot_WP_090073862.1_4135_n	80.0	30	100	328	4.69e-11	53.9
STAS@STAS_2@863@FCC21WPACXX:1:1101:2437:73391#TCGCCGTG/2	n_NZ_CP058595.1_prot_WP_228027936.1_963_n	85.714	28	100	192	4.37e-11	53.1
STAS@STAS_2@86@FCC21WPACXX:1:1101:7228:8024#TCGCCGTG/2	n_NZ_CP025938.1_prot_WP_102994786.1_810_n	87.097	31	100	415	2.88e-13	60.5
STAS@STAS_2@873@FCC21WPACXX:1:1101:14258:73760#TCGCCGTG/2	n_NZ_CP139724.1_prot_WP_068219863.1_104_n	96.97	33	100	324	5.28e-16	67.8
STAS@STAS_2@883@FCC21WPACXX:1:1101:7868:75213#TCGCCGTG/2	n_NZ_CP142519.1_prot_WP_013185866.1_337_n	87.879	33	100	156	8.15e-16	65.1
STAS@STAS_2@886@FCC21WPACXX:1:1101:8131:75706#TCGCCGTG/2	n_NZ_CP090490.1_prot_WP_237030561.1_3070_n	84.848	33	100	327	1.16e-14	63.9
STAS@STAS_2@894@FCC21WPACXX:1:1101:21133:76311#TCGCCGTG/2	n_NZ_CP049773.1_prot_WP_106687288.1_1973_n	81.818	33	100	809	6.75e-13	59.3
STAS@STAS_2@898@FCC21WPACXX:1:1101:15042:76976#TCGCCGTG/2	n_NZ_CP042382.1_prot_WP_147184314.1_1809_n	87.879	33	100	452	1.19e-13	61.2
STAS@STAS_2@89@FCC21WPACXX:1:1101:18782:8008#TCGCCGTG/2	n_NZ_CP022684.1_prot_WP_101894047.1_1878_n	93.939	33	100	468	9.72e-16	67.4
STAS@STAS_2@905@FCC21WPACXX:1:1101:14514:77553#TCGCCGTG/2	n_NZ_AP014879.1_prot_WP_231969832.1_888_n	81.818	33	100	225	3.07e-12	56.6
STAS@STAS_2@917@FCC21WPACXX:1:1101:5660:78411#TCGCCGTG/2	n_NZ_CP019044.1_prot_WP_075995368.1_233_n	90.909	33	100	169	4.43e-15	63.5
STAS@STAS_2@922@FCC21WPACXX:1:1101:3860:78546#TCGCCGTG/2	n_NZ_CP022684.1_prot_WP_233716724.1_3757_n	87.5	32	100	254	5.25e-14	61.6
STAS@STAS_2@926@FCC21WPACXX:1:1101:20986:78713#TCGCCGTG/2	n_NZ_CP010951.1_prot_WP_061496234.1_695_n	96.875	32	100	123	7.4e-19	72.0
STAS@STAS_2@92@FCC21WPACXX:1:1101:15468:8390#TCGCCGTG/2	n_NZ_CP025938.1_prot_WP_199287726.1_3421_n	93.75	32	100	418	5.88e-18	73.6
STAS@STAS_2@938@FCC21WPACXX:1:1101:2267:79492#TCGCCGTG/2	n_NC_015510.1_prot_WP_013762485.1_7_n	96.154	26	100	506	3.48e-13	60.1
STAS@STAS_2@93@FCC21WPACXX:1:1101:16134:8341#TCGCCGTG/2	n_NZ_CP011412.1_prot_WP_046859392.1_1788_n	90.909	33	100	463	2.33e-13	60.5
STAS@STAS_2@942@FCC21WPACXX:1:1101:20500:79709#TCGCCGTG/2	n_NC_012440.1_prot_WP_238527233.1_1391_n	81.25	32	100	337	1.17e-13	61.2
STAS@STAS_2@947@FCC21WPACXX:1:1101:9945:80385#TCGCCGTG/2	n_NZ_CP059560.1_prot_WP_169206568.1_2257_n	84.375	32	100	430	1.25e-14	63.9
STAS@STAS_2@950@FCC21WPACXX:1:1101:21136:80260#TCGCCGTG/2	n_NZ_CP034951.1_prot_WP_240673197.1_1894_n	86.667	30	100	2418	1.19e-12	58.5
STAS@STAS_2@963@FCC21WPACXX:1:1101:15273:81895#TCGCCGTG/2	n_NZ_CP022530.1_prot_WP_094061458.1_3327_n	100.0	33	100	477	3.02e-15	65.9
STAS@STAS_2@964@FCC21WPACXX:1:1101:16073:81956#TCGCCGTG/2	n_NZ_CP048222.1_prot_WP_162445304.1_4610_n	81.25	32	100	230	4.32e-15	64.3
STAS@STAS_2@976@FCC21WPACXX:1:1101:11520:84337#TCGCCGTG/2	n_NZ_CP019450.1_prot_WP_084199069.1_1925_n	93.939	33	100	479	7.92e-16	67.4
STAS@STAS_2@977@FCC21WPACXX:1:1101:14152:84461#TCGCCGTG/2	n_NZ_CP092480.1_prot_WP_240226576.1_2752_n	84.375	32	100	144	7.19e-12	54.7
STAS@STAS_2@984@FCC21WPACXX:1:1101:6835:84509#TCGCCGTG/2	n_NZ_CP022579.1_prot_WP_054619648.1_273_n	87.879	33	100	225	4.82e-15	64.3
STAS@STAS_2@985@FCC21WPACXX:1:1101:7574:84536#TCGCCGTG/2	n_NZ_CP084316.1_prot_WP_225571502.1_1825_n	87.5	32	100	181	1.7e-16	67.4
STAS@STAS_2@993@FCC21WPACXX:1:1101:17366:84969#TCGCCGTG/2	n_NZ_CP044549.1_prot_WP_159594378.1_3205_n	81.25	32	100	93	1.09e-15	63.2
STAS@STAS_2@998@FCC21WPACXX:1:1101:12598:85159#TCGCCGTG/2	n_NZ_CP025791.1_prot_WP_102756764.1_3121_n	84.375	32	100	366	1.27e-14	63.9
SWHAS104@SWHAS104_1@101@FCC21WPACXX:1:1101:16615:11857#GAGGTTCA/1	n_NZ_CP069054.1_prot_WP_015588417.1_1113_n	80.0	30	100	468	2.68e-12	57.4
SWHAS104@SWHAS104_1@106@FCC21WPACXX:1:1101:8707:12305#GAGGTTCA/1	n_NZ_CP011514.1_prot_WP_157522377.1_2765_n	84.375	32	100	767	5.9e-13	59.3
SWHAS104@SWHAS104_1@115@FCC21WPACXX:1:1101:7207:13041#GAGGTTCA/1	n_NC_016002.1_prot_WP_014086303.1_1011_n	96.875	32	100	475	1.08e-15	67.0
SWHAS104@SWHAS104_1@125@FCC21WPACXX:1:1101:9522:14707#GAGGTTCA/1	n_NZ_CP012373.2_prot_WP_062150429.1_1206_n	92.857	28	100	490	6.24e-13	59.3
SWHAS104@SWHAS104_1@131@FCC21WPACXX:1:1101:10025:15009#GAGGTTCA/1	n_NC_018020.1_prot_WP_217157694.1_2453_n	81.818	33	100	119	7.75e-13	56.6
SWHAS104@SWHAS104_1@139@FCC21WPACXX:1:1101:2880:16369#GAGGTTCA/1	n_NZ_CP051461.1_prot_WP_168922683.1_2362_n	87.5	32	100	200	2.65e-12	56.6
SWHAS104@SWHAS104_1@145@FCC21WPACXX:1:1101:13976:16777#GAGGTTCA/1	n_NZ_CP022579.1_prot_WP_149425840.1_2257_n	100.0	33	100	597	1.08e-17	72.8
SWHAS104@SWHAS104_1@146@FCC21WPACXX:1:1101:4394:17161#GAGGTTCA/1	n_NC_014221.1_prot_WP_013176611.1_88_p	84.848	33	100	336	4.03e-15	65.5
SWHAS104@SWHAS104_1@150@FCC21WPACXX:1:1101:10405:17642#GAGGTTCA/1	n_NZ_CP116458.1_prot_WP_271779101.1_1588_n	80.0	30	100	112	6.69e-11	51.2
SWHAS104@SWHAS104_1@164@FCC21WPACXX:1:1101:1789:19367#GAGGTTCA/1	n_NC_017075.1_prot_WP_310732401.1_647_n	87.879	33	100	544	3.05e-14	63.2
SWHAS104@SWHAS104_1@168@FCC21WPACXX:1:1101:15501:19575#GAGGTTCA/1	n_NZ_CP041352.1_prot_WP_156861124.1_474_n	100.0	24	100	484	8.35e-11	53.1
SWHAS104@SWHAS104_1@176@FCC21WPACXX:1:1101:6027:20572#GAGGTTCA/1	n_NZ_CP054836.1_prot_WP_246272796.1_2448_n	87.879	33	100	424	6.45e-17	70.5
SWHAS104@SWHAS104_1@178@FCC21WPACXX:1:1101:10281:20685#GAGGTTCA/1	n_NZ_CP025938.1_prot_WP_199287719.1_3189_n	81.25	32	100	640	1.95e-12	57.8
SWHAS104@SWHAS104_1@188@FCC21WPACXX:1:1101:12886:21929#GAGGTTCA/1	n_NC_009719.1_prot_WP_012109950.1_1081_n	82.759	29	100	123	3.94e-11	52.4
SWHAS104@SWHAS104_1@191@FCC21WPACXX:1:1101:15555:22309#GAGGTTCA/1	n_NZ_CP047165.1_prot_WP_159990948.1_784_n	84.375	32	100	489	1.58e-12	58.2
SWHAS104@SWHAS104_1@195@FCC21WPACXX:1:1101:6965:22970#GAGGTTCA/1	n_NZ_CP107031.2_prot_WP_281542944.1_2929_n	81.25	32	100	216	9.17e-14	60.8
SWHAS104@SWHAS104_1@1@FCC21WPACXX:1:1101:5131:1855#GAGGTTCA/1	n_NC_013939.1_prot_WP_013008115.1_1400_n	84.848	33	100	331	7e-14	62.0
SWHAS104@SWHAS104_1@237@FCC21WPACXX:1:1101:9288:27196#GAGGTTCA/1	n_NC_010524.1_prot_WP_012346472.1_1446_n	96.97	33	100	573	2e-17	72.0
SWHAS104@SWHAS104_1@238@FCC21WPACXX:1:1101:19145:27181#GAGGTTCA/1	n_NZ_CP013068.1_prot_WP_058900659.1_2108_n	93.103	29	100	347	6.38e-13	59.3
SWHAS104@SWHAS104_1@241@FCC21WPACXX:1:1101:19647:27412#GAGGTTCA/1	n_NZ_CP030082.1_prot_WP_142700688.1_2464_n	93.939	33	100	323	9.29e-15	64.3
SWHAS104@SWHAS104_1@246@FCC21WPACXX:1:1101:20968:27628#GAGGTTCA/1	n_NC_015846.1_prot_WP_013996646.1_500_n	80.0	30	100	122	1.58e-14	60.8
SWHAS104@SWHAS104_1@248@FCC21WPACXX:1:1101:3916:27887#GAGGTTCA/1	n_NZ_LR778301.1_prot_WP_145770753.1_2859_n	90.909	33	100	261	2.94e-15	65.1
SWHAS104@SWHAS104_1@253@FCC21WPACXX:1:1101:8370:28365#GAGGTTCA/1	n_NZ_CP021112.1_prot_WP_086088135.1_2363_n	87.097	31	100	120	9.75e-14	58.9
SWHAS104@SWHAS104_1@254@FCC21WPACXX:1:1101:3018:28718#GAGGTTCA/1	n_NZ_CP028339.1_prot_WP_107220286.1_1023_n	84.848	33	100	147	1.29e-13	59.3
SWHAS104@SWHAS104_1@25@FCC21WPACXX:1:1101:17579:4210#GAGGTTCA/1	n_NZ_CP068108.1_prot_WP_002985058.1_1754_n	90.909	33	100	324	1.19e-16	69.7
SWHAS104@SWHAS104_1@260@FCC21WPACXX:1:1101:10754:28828#GAGGTTCA/1	n_NZ_CP041636.1_prot_WP_144069317.1_2804_n	80.0	30	100	501	7.88e-11	53.1
SWHAS104@SWHAS104_1@265@FCC21WPACXX:1:1101:14148:29320#GAGGTTCA/1	n_NZ_CP071796.1_prot_WP_208010385.1_1248_n	100.0	27	100	233	1.8e-12	57.4
SWHAS104@SWHAS104_1@279@FCC21WPACXX:1:1101:20726:30486#GAGGTTCA/1	n_NZ_AP014936.1_prot_WP_096461012.1_1913_n	96.154	26	100	130	8.51e-13	56.6
SWHAS104@SWHAS104_1@28@FCC21WPACXX:1:1101:1522:4929#GAGGTTCA/1	p_NZ_CP046122.1_prot_WP_154687830.1_2089_p	84.375	32	100	457	2.94e-13	60.1
SWHAS104@SWHAS104_1@324@FCC21WPACXX:1:1101:9997:34507#GAGGTTCA/1	n_NZ_CP115182.1_prot_WP_011806600.1_3231_n	85.714	28	100	150	1.46e-11	53.9
SWHAS104@SWHAS104_1@330@FCC21WPACXX:1:1101:13904:34979#GAGGTTCA/1	n_NZ_CP041643.1_prot_WP_130856462.1_4714_n	87.879	33	100	685	3.8e-14	62.8
SWHAS104@SWHAS104_1@335@FCC21WPACXX:1:1101:2067:35879#GAGGTTCA/1	n_NC_015259.1_prot_WP_013651076.1_313_n	82.759	29	100	320	5.46e-12	56.6
SWHAS104@SWHAS104_1@346@FCC21WPACXX:1:1101:6994:36551#GAGGTTCA/1	n_NC_018020.1_prot_WP_014804409.1_3222_n	87.879	33	100	255	3.71e-13	59.3
SWHAS104@SWHAS104_1@365@FCC21WPACXX:1:1101:11846:38389#GAGGTTCA/1	n_NZ_CP092480.1_prot_WP_240227786.1_775_n	90.909	33	100	471	3.98e-17	71.2
SWHAS104@SWHAS104_1@367@FCC21WPACXX:1:1101:11651:38743#GAGGTTCA/1	n_NZ_CP029479.1_prot_WP_110448980.1_147_n	81.818	33	100	421	2.14e-15	66.2
SWHAS104@SWHAS104_1@370@FCC21WPACXX:1:1101:7152:38804#GAGGTTCA/1	n_NC_016616.1_prot_WP_043798375.1_3266_n	87.879	33	100	586	7.68e-16	67.4
SWHAS104@SWHAS104_1@371@FCC21WPACXX:1:1101:13599:38841#GAGGTTCA/1	n_NZ_CP030126.1_prot_WP_119678269.1_1126_n	93.939	33	100	494	2.02e-16	69.3
SWHAS104@SWHAS104_1@391@FCC21WPACXX:1:1101:10171:40789#GAGGTTCA/1	n_NZ_CP031030.1_prot_WP_122931761.1_3165_n	90.909	33	100	723	4.74e-15	65.5
SWHAS104@SWHAS104_1@394@FCC21WPACXX:1:1101:15941:41414#GAGGTTCA/1	n_NZ_CP042435.1_prot_WP_147191659.1_3494_n	84.375	32	100	181	7.78e-12	55.1
SWHAS104@SWHAS104_1@3@FCC21WPACXX:1:1101:2729:2193#GAGGTTCA/1	n_NZ_CP017668.1_prot_WP_070527303.1_1010_n	93.939	33	100	653	6.89e-16	67.8
SWHAS104@SWHAS104_1@413@FCC21WPACXX:1:1101:6886:43295#GAGGTTCA/1	n_NZ_CP051298.1_prot_WP_013518800.1_2480_n	84.848	33	100	143	1.1e-16	67.0
SWHAS104@SWHAS104_1@416@FCC21WPACXX:1:1101:20160:43476#GAGGTTCA/1	n_NZ_CP115182.1_prot_WP_011805163.1_2042_n	93.939	33	100	574	3.2e-16	68.6
SWHAS104@SWHAS104_1@41@FCC21WPACXX:1:1101:11785:6337#GAGGTTCA/1	p_NZ_CP045725.1_prot_WP_194793319.1_1494_p	87.5	32	100	56	2.54e-15	61.2
SWHAS104@SWHAS104_1@423@FCC21WPACXX:1:1101:3142:44254#GAGGTTCA/1	n_NZ_CP041352.1_prot_WP_156863298.1_2653_n	96.875	32	100	572	2.19e-15	66.2
SWHAS104@SWHAS104_1@429@FCC21WPACXX:1:1101:1964:44877#GAGGTTCA/1	n_NZ_CP071796.1_prot_WP_243457680.1_1790_n	90.909	33	100	524	7.12e-15	64.7
SWHAS104@SWHAS104_1@432@FCC21WPACXX:1:1101:14600:45235#GAGGTTCA/1	n_NC_016616.1_prot_WP_014237515.1_2430_n	84.375	32	100	250	9.65e-15	63.5
SWHAS104@SWHAS104_1@435@FCC21WPACXX:1:1101:10175:45555#GAGGTTCA/1	n_NZ_CP021112.1_prot_WP_086088415.1_2701_n	87.879	33	100	458	1.19e-13	61.2
SWHAS104@SWHAS104_1@436@FCC21WPACXX:1:1101:19116:45676#GAGGTTCA/1	n_NC_007484.1_prot_WP_002809427.1_1961_n	81.25	32	100	448	6.75e-13	59.3
SWHAS104@SWHAS104_1@448@FCC21WPACXX:1:1101:18877:47145#GAGGTTCA/1	n_NZ_CP016448.1_prot_WP_069038918.1_1890_n	100.0	24	100	332	9.65e-11	53.1
SWHAS104@SWHAS104_1@451@FCC21WPACXX:1:1101:17513:47495#GAGGATCA/1	n_NZ_CP060494.1_prot_WP_188055246.1_662_n	81.818	33	100	556	3.53e-13	60.1
SWHAS104@SWHAS104_1@454@FCC21WPACXX:1:1101:8576:47684#GAGGTTCA/1	n_NC_008702.1_prot_WP_011764694.1_955_n	83.871	31	100	197	2.72e-13	59.3
SWHAS104@SWHAS104_1@460@FCC21WPACXX:1:1101:12614:48740#GAGGTTCA/1	n_NZ_CP032157.1_prot_WP_245999703.1_1693_n	90.625	32	100	477	7.79e-16	67.4
SWHAS104@SWHAS104_1@462@FCC21WPACXX:1:1101:19335:48662#GAGGTTCA/1	n_NZ_CP022221.1_prot_WP_128931727.1_1916_n	87.5	32	100	1438	7.96e-12	56.2
SWHAS104@SWHAS104_1@467@FCC21WPACXX:1:1101:11000:49153#GAGGTTCA/1	n_NZ_CP042582.1_prot_WP_151118699.1_3182_n	87.879	33	100	307	6.82e-15	64.7
SWHAS104@SWHAS104_1@471@FCC21WPACXX:1:1101:4718:49574#GAGGTTCA/1	n_NZ_CP032509.1_prot_WP_126010872.1_3136_n	100.0	33	100	291	5.79e-17	70.1
SWHAS104@SWHAS104_1@477@FCC21WPACXX:1:1101:9921:50159#GAGGTTCA/1	n_NZ_CP027792.1_prot_WP_106846268.1_1690_n	100.0	33	100	574	1.84e-18	75.1
SWHAS104@SWHAS104_1@483@FCC21WPACXX:1:1101:13181:51031#GAGGTTCA/1	n_NZ_CP064382.1_prot_WP_045525913.1_151_n	100.0	33	100	318	2.35e-19	77.0
SWHAS104@SWHAS104_1@485@FCC21WPACXX:1:1101:11414:51466#GAGGTTCA/1	n_NC_008576.1_prot_WP_011714526.1_2987_n	87.879	33	100	403	7.51e-14	62.0
SWHAS104@SWHAS104_1@494@FCC21WPACXX:1:1101:18659:52078#GAGGTTCA/1	n_NZ_CP022579.1_prot_WP_054621740.1_1819_n	81.25	32	100	187	7.62e-14	60.5
SWHAS104@SWHAS104_1@512@FCC21WPACXX:1:1101:11637:54097#GAGGTTCA/1	n_NZ_CP029176.1_prot_WP_114910567.1_5_n	91.304	23	100	103	2.16e-11	52.4
SWHAS104@SWHAS104_1@525@FCC21WPACXX:1:1101:8679:55444#GAGGTTCA/1	n_NC_016616.1_prot_WP_014238395.1_3357_n	96.875	32	100	422	2.05e-13	60.5
SWHAS104@SWHAS104_1@527@FCC21WPACXX:1:1101:9734:55542#GAGGTTCA/1	n_NZ_AP017313.1_prot_WP_232010889.1_4258_n	81.25	32	100	209	5.82e-14	61.2
SWHAS104@SWHAS104_1@534@FCC21WPACXX:1:1101:12783:56314#GAGGTTCA/1	n_NZ_AP024515.1_prot_WP_213538400.1_2682_n	96.667	30	100	462	1.28e-11	55.5
SWHAS104@SWHAS104_1@536@FCC21WPACXX:1:1101:9479:56545#GAGGTTCA/1	n_NZ_CP025781.1_prot_WP_223146086.1_3417_n	83.871	31	100	477	3.22e-12	57.4
SWHAS104@SWHAS104_1@537@FCC21WPACXX:1:1101:18763:56502#GAGGTTCA/1	n_NZ_CP011451.1_prot_WP_046850142.1_2065_n	90.625	32	100	385	1.02e-15	67.0
SWHAS104@SWHAS104_1@543@FCC21WPACXX:1:1101:4062:57582#GAGGTTCA/1	n_NZ_CP011390.1_prot_WP_066408284.1_4561_n	81.25	32	100	76	2.91e-14	58.9
SWHAS104@SWHAS104_1@552@FCC21WPACXX:1:1101:1952:58434#GAGGTTCA/1	n_NZ_CP029210.1_prot_WP_109037117.1_2423_n	90.909	33	100	489	5.85e-17	70.9
SWHAS104@SWHAS104_1@553@FCC21WPACXX:1:1101:5881:58483#GAGGTTCA/1	n_NC_015510.1_prot_WP_013767158.1_4723_n	90.323	31	100	163	5.23e-14	60.5
SWHAS104@SWHAS104_1@554@FCC21WPACXX:1:1101:7261:58339#GAGGTTCA/1	n_NZ_AP025730.1_prot_WP_003050081.1_971_n	100.0	33	100	620	2.05e-19	77.8
SWHAS104@SWHAS104_1@55@FCC21WPACXX:1:1101:14681:7267#GAGGTTCA/1	n_NZ_CP032050.1_prot_WP_121847226.1_331_n	81.818	33	100	310	4.85e-13	59.3
SWHAS104@SWHAS104_1@578@FCC21WPACXX:1:1101:14941:61032#GAGGTTCA/1	n_NC_017075.1_prot_WP_014430537.1_4283_n	93.939	33	100	595	2.85e-18	74.3
SWHAS104@SWHAS104_1@612@FCC21WPACXX:1:1101:6176:65620#GAGGTTCA/1	n_NZ_CP022221.1_prot_WP_128931748.1_1946_n	100.0	33	100	227	4.2e-18	72.4
SWHAS104@SWHAS104_1@628@FCC21WPACXX:1:1101:3751:67423#GAGGTTCA/1	n_NZ_CP027792.1_prot_WP_106845446.1_763_n	96.97	33	100	613	2.18e-17	72.0
SWHAS104@SWHAS104_1@634@FCC21WPACXX:1:1101:20693:67824#GAGGTTCA/1	n_NZ_CP036532.1_prot_WP_131618060.1_2915_n	90.909	33	100	102	9.89e-17	65.9
SWHAS104@SWHAS104_1@636@FCC21WPACXX:1:1101:4496:68247#GAGGTTCA/1	n_NZ_CP047897.1_prot_WP_160693751.1_3231_n	81.818	33	100	851	2.23e-14	63.5
SWHAS104@SWHAS104_1@637@FCC21WPACXX:1:1101:8388:68203#GAGGTTCA/1	n_NZ_CP029210.1_prot_WP_109036224.1_1496_n	80.645	31	100	627	1.51e-12	58.2
SWHAS104@SWHAS104_1@640@FCC21WPACXX:1:1101:7259:68272#GAGGTTCA/1	n_NZ_CP050292.1_prot_WP_184513206.1_5469_n	81.25	32	100	303	1.72e-11	55.1
SWHAS104@SWHAS104_1@667@FCC21WPACXX:1:1101:15561:70569#GAGGTTCA/1	n_NZ_CP063145.1_prot_WP_193440507.1_688_n	89.286	28	100	202	6.54e-12	55.5
SWHAS104@SWHAS104_1@671@FCC21WPACXX:1:1101:2717:71142#GAGGTTCA/1	n_NC_008702.1_prot_WP_011764878.1_1140_n	93.939	33	100	589	4.54e-17	71.2
SWHAS104@SWHAS104_1@679@FCC21WPACXX:1:1101:8149:71613#GAGGTTCA/1	n_NZ_CP102745.1_prot_WP_014791550.1_1725_n	84.848	33	100	321	2.38e-15	65.9
SWHAS104@SWHAS104_1@684@FCC21WPACXX:1:1101:9066:71766#GAGGTTCA/1	n_NC_008702.1_prot_WP_011767617.1_3890_n	96.875	32	100	169	1.13e-16	67.4
SWHAS104@SWHAS104_1@689@FCC21WPACXX:1:1101:19689:72067#GAGGTTCA/1	n_NZ_LR778301.1_prot_WP_197970464.1_58_n	100.0	31	100	528	1.8e-15	66.6
SWHAS104@SWHAS104_1@692@FCC21WPACXX:1:1101:10363:72726#GAGGTTCA/1	n_NZ_CP017668.1_prot_WP_070527303.1_1010_n	88.235	34	100	653	5.45e-15	65.1
SWHAS104@SWHAS104_1@695@FCC21WPACXX:1:1101:15586:73052#GAGGTTCA/1	n_NZ_CP086374.1_prot_WP_268106158.1_2279_n	93.939	33	100	562	1.49e-16	69.7
SWHAS104@SWHAS104_1@703@FCC21WPACXX:1:1101:17891:73583#GAGGTTCA/1	n_NZ_CP035515.1_prot_WP_131389946.1_3501_n	90.909	33	100	1451	9.49e-16	67.4
SWHAS104@SWHAS104_1@704@FCC21WPACXX:1:1101:10145:73865#GAGGTTCA/1	n_NZ_CP097267.1_prot_WP_272549070.1_3817_n	82.143	28	100	144	4.58e-11	52.4
SWHAS104@SWHAS104_1@709@FCC21WPACXX:1:1101:2983:74511#GAGGTTCA/1	n_NZ_CP040128.1_prot_WP_146330358.1_2309_n	87.5	32	100	84	1.31e-15	62.8
SWHAS104@SWHAS104_1@70@FCC21WPACXX:1:1101:4457:8972#GAGGTTCA/1	n_NZ_CP097267.1_prot_WP_272548400.1_3119_n	100.0	33	100	723	1.08e-16	70.1
SWHAS104@SWHAS104_1@714@FCC21WPACXX:1:1101:11473:74981#GAGGTTCA/1	n_NZ_CP017668.1_prot_WP_070527303.1_1010_n	90.625	32	100	653	9.88e-16	67.4
SWHAS104@SWHAS104_1@74@FCC21WPACXX:1:1101:4529:9304#GAGGTTAA/1	n_NZ_CP011412.1_prot_WP_046857961.1_34_n	92.857	28	100	579	4.59e-13	59.7
SWHAS104@SWHAS104_1@83@FCC21WPACXX:1:1101:17599:10368#GAGGTTCA/1	n_NC_008786.1_prot_WP_011808938.1_1204_n	100.0	33	100	493	5.41e-17	70.9
SWHAS104@SWHAS104_1@89@FCC21WPACXX:1:1101:3572:10772#GAGGTTCA/1	n_NZ_CP070343.1_prot_WP_106935686.1_2077_n	80.645	31	100	198	4.8e-15	63.9
SWHAS104@SWHAS104_1@93@FCC21WPACXX:1:1101:17896:11209#GAGGTTCA/1	n_NZ_AP012547.1_prot_WP_041096497.1_278_n	88.571	35	100	102	1.06e-13	58.2
SWHAS104@SWHAS104_2@119@FCC21WPACXX:1:1101:16936:13931#GAGGTTCA/2	n_NC_016616.1_prot_WP_014238124.1_3084_n	96.97	33	100	458	2.14e-17	72.0
SWHAS104@SWHAS104_2@140@FCC21WPACXX:1:1101:2880:16369#GAGGTTCA/2	n_NZ_CP051461.1_prot_WP_168922683.1_2362_n	86.667	30	100	200	7.88e-12	55.5
SWHAS104@SWHAS104_2@145@FCC21WPACXX:1:1101:13976:16777#GAGGTTCA/2	n_NZ_CP022579.1_prot_WP_149425840.1_2257_n	90.909	33	100	597	3.42e-15	65.9
SWHAS104@SWHAS104_2@146@FCC21WPACXX:1:1101:19403:16990#GAGGTTCA/2	n_NZ_AP018721.1_prot_WP_126463632.1_2363_n	96.552	29	100	657	8.71e-17	70.1
SWHAS104@SWHAS104_2@147@FCC21WPACXX:1:1101:4394:17161#GAGGTTCA/2	n_NZ_CP072632.1_prot_WP_014100059.1_1597_n	90.323	31	100	325	1.65e-16	69.3
SWHAS104@SWHAS104_2@174@FCC21WPACXX:1:1101:12939:19185#GAGGTTCA/2	n_NZ_LR699114.1_prot_WP_114834563.1_1148_n	87.097	31	100	248	2.59e-13	59.7
SWHAS104@SWHAS104_2@175@FCC21WPACXX:1:1101:1789:19367#GAGGTTCA/2	n_NC_017075.1_prot_WP_310732401.1_647_n	86.207	29	100	544	4.27e-12	57.0
SWHAS104@SWHAS104_2@202@FCC21WPACXX:1:1101:9492:21756#GAGGTTCA/2	n_NZ_LR699166.1_prot_WP_283743091.1_520_n	80.645	31	100	198	1.05e-13	60.5
SWHAS104@SWHAS104_2@207@FCC21WPACXX:1:1101:15555:22309#GAGGTTCA/2	n_NZ_CP047165.1_prot_WP_159990948.1_784_n	87.097	31	100	489	3.41e-12	57.4
SWHAS104@SWHAS104_2@223@FCC21WPACXX:1:1101:19760:24621#GAGGTTCA/2	n_NZ_CP022579.1_prot_WP_054621378.1_1926_n	100.0	28	100	174	1.29e-11	54.3
SWHAS104@SWHAS104_2@240@FCC21WPACXX:1:1101:9288:27196#GAGGTTCA/2	n_NZ_CP027792.1_prot_WP_106846268.1_1690_n	100.0	31	100	574	1.6e-15	66.6
SWHAS104@SWHAS104_2@243@FCC21WPACXX:1:1101:19647:27412#GAGGTTCA/2	n_NZ_CP016268.1_prot_WP_068618126.1_3274_n	87.5	32	100	323	5.71e-13	59.3
SWHAS104@SWHAS104_2@255@FCC21WPACXX:1:1101:18145:28372#GAGGTTCA/2	n_NZ_CP091037.1_prot_WP_235267107.1_784_n	84.848	33	100	572	1.91e-14	63.5
SWHAS104@SWHAS104_2@279@FCC21WPACXX:1:1101:13834:31799#GAGGTTCA/2	n_NZ_CP120704.1_prot_WP_016852396.1_536_n	86.207	29	100	568	1.27e-11	55.5
SWHAS104@SWHAS104_2@27@FCC21WPACXX:1:1101:13745:4241#GAGGTTCA/2	n_NZ_CP065627.1_prot_WP_034391185.1_3044_n	88.0	25	100	106	2.3e-11	52.4
SWHAS104@SWHAS104_2@288@FCC21WPACXX:1:1101:10782:32656#GAGGTTCA/2	n_NZ_CP041352.1_prot_WP_156861265.1_622_n	96.154	26	100	325	2.56e-11	54.7
SWHAS104@SWHAS104_2@29@FCC21WPACXX:1:1101:16022:4210#GAGGTTCA/2	n_NC_018020.1_prot_WP_014804409.1_3222_n	100.0	32	100	255	5.93e-13	58.9
SWHAS104@SWHAS104_2@301@FCC21WPACXX:1:1101:2511:33779#GAGGTTCA/2	n_NZ_CP022985.1_prot_WP_236951513.1_2834_n	96.552	29	100	820	1.49e-13	61.2
SWHAS104@SWHAS104_2@303@FCC21WPACXX:1:1101:17845:33781#GAGGTTCA/2	n_NZ_CP070343.1_prot_WP_081266456.1_2310_n	84.848	33	100	218	9.89e-14	60.5
SWHAS104@SWHAS104_2@305@FCC21WPACXX:1:1101:6547:34117#GAGGTTCA/2	n_NZ_CP048030.1_prot_WP_008733885.1_191_n	100.0	33	100	721	2.67e-16	68.9
SWHAS104@SWHAS104_2@30@FCC21WPACXX:1:1101:17579:4210#GAGGTTCA/2	n_NZ_CP011390.1_prot_WP_066404916.1_2454_n	96.552	29	100	324	2.3e-14	63.2
SWHAS104@SWHAS104_2@315@FCC21WPACXX:1:1101:9997:34507#GAGGTTCA/2	n_NC_013446.2_prot_WP_003066740.1_3953_n	84.375	32	100	153	4.42e-12	55.5
SWHAS104@SWHAS104_2@320@FCC21WPACXX:1:1101:13904:34979#GAGGTTCA/2	n_NC_015177.1_prot_WP_013632500.1_1416_p	90.323	31	100	685	1.12e-13	61.2
SWHAS104@SWHAS104_2@32@FCC21WPACXX:1:1101:13408:4383#GAGGTTCA/2	n_NZ_CP028339.1_prot_WP_107221119.1_2024_n	87.5	32	100	166	8.74e-14	60.1
SWHAS104@SWHAS104_2@360@FCC21WPACXX:1:1101:13599:38841#GAGGTTCA/2	n_NZ_CP021330.1_prot_WP_117394751.1_353_n	89.655	29	100	538	7.57e-13	58.9
SWHAS104@SWHAS104_2@361@FCC21WPACXX:1:1101:18688:38990#GAGGTTCA/2	n_NZ_CP022129.1_prot_WP_088618021.1_622_n	81.25	32	100	95	2.08e-11	52.4
SWHAS104@SWHAS104_2@375@FCC21WPACXX:1:1101:8090:40158#GAGGTTCA/2	n_NZ_CP011412.1_prot_WP_082117015.1_764_n	83.333	30	100	119	3.36e-13	57.4
SWHAS104@SWHAS104_2@376@FCC21WPACXX:1:1101:11576:40239#GAGGTTCA/2	n_NZ_CP041352.1_prot_WP_156863875.1_3309_n	96.774	31	100	104	4.67e-16	64.3
SWHAS104@SWHAS104_2@377@FCC21WPACXX:1:1101:5330:40382#GAGGTTCA/2	n_NZ_CP021138.1_prot_WP_087447984.1_2629_n	83.871	31	100	419	2.62e-11	54.7
SWHAS104@SWHAS104_2@381@FCC21WPACXX:1:1101:10171:40789#GAGGTTCA/2	n_NZ_CP031030.1_prot_WP_122931761.1_3165_n	87.097	31	100	723	6.31e-13	59.3
SWHAS104@SWHAS104_2@398@FCC21WPACXX:1:1101:17048:42499#GAGGTTCA/2	n_NZ_CP102486.1_prot_WP_265944680.1_4272_n	92.593	27	100	561	5.61e-12	56.6
SWHAS104@SWHAS104_2@403@FCC21WPACXX:1:1101:6886:43295#GAGGTTCA/2	n_NZ_CP138198.1_prot_WP_011464098.1_1820_n	81.818	33	100	147	2.4e-15	63.5
SWHAS104@SWHAS104_2@404@FCC21WPACXX:1:1101:20160:43476#GAGGTTCA/2	n_NZ_CP041352.1_prot_WP_156863298.1_2653_n	87.5	32	100	572	5.46e-15	65.1
SWHAS104@SWHAS104_2@409@FCC21WPACXX:1:1101:3142:44254#GAGGTTCA/2	n_NZ_CP071796.1_prot_WP_243457680.1_1790_n	96.774	31	100	524	4.92e-16	68.2
SWHAS104@SWHAS104_2@415@FCC21WPACXX:1:1101:1177:44821#GAGGTTCA/2	n_NC_016616.1_prot_WP_014235222.1_98_n	84.848	33	100	146	4.35e-15	62.8
SWHAS104@SWHAS104_2@416@FCC21WPACXX:1:1101:1964:44877#GAGGTTCA/2	n_NZ_CP071796.1_prot_WP_243457680.1_1790_n	80.645	31	100	524	1.92e-11	55.1
SWHAS104@SWHAS104_2@419@FCC21WPACXX:1:1101:5097:45001#GAGGTTCA/2	n_NZ_CP042476.1_prot_WP_146831763.1_1062_n	85.185	27	100	69	3.64e-12	53.5
SWHAS104@SWHAS104_2@430@FCC21WPACXX:1:1101:10175:45555#GAGGTTCA/2	n_NZ_CP021112.1_prot_WP_086088415.1_2701_n	87.097	31	100	458	5.34e-13	59.7
SWHAS104@SWHAS104_2@449@FCC21WPACXX:1:1101:15370:47067#GAGGTTCA/2	n_NZ_CP097267.1_prot_WP_272549532.1_4284_n	84.848	33	100	179	9.89e-13	57.4
SWHAS104@SWHAS104_2@450@FCC21WPACXX:1:1101:18877:47145#GAGGTTCA/2	n_NC_008702.1_prot_WP_011766289.1_2563_n	90.909	33	100	335	9.8e-16	67.0
SWHAS104@SWHAS104_2@456@FCC21WPACXX:1:1101:17513:47495#GAGGATCA/2	n_NC_014817.1_prot_WP_013480888.1_3386_n	84.375	32	100	498	9.75e-14	61.6
SWHAS104@SWHAS104_2@484@FCC21WPACXX:1:1101:9203:49777#GAGGTTCA/2	n_NZ_CP027667.1_prot_WP_106684328.1_2361_n	81.25	32	100	239	6.49e-16	66.6
SWHAS104@SWHAS104_2@488@FCC21WPACXX:1:1101:9921:50159#GAGGTTCA/2	n_NZ_CP051298.1_prot_WP_013518994.1_2330_n	93.548	31	100	574	2.93e-15	65.9
SWHAS104@SWHAS104_2@49@FCC21WPACXX:1:1101:12864:5762#GAGGTTCA/2	n_NZ_CP014671.1_prot_WP_068802796.1_657_n	96.774	31	100	475	1.18e-13	61.2
SWHAS104@SWHAS104_2@524@FCC21WPACXX:1:1101:5210:53333#GAGGTTCA/2	n_NZ_CP034951.1_prot_WP_128250283.1_1846_n	80.645	31	100	505	1.61e-11	55.5
SWHAS104@SWHAS104_2@527@FCC21WPACXX:1:1101:13858:53594#GAGGTTCA/2	n_NC_009719.1_prot_WP_245545174.1_3469_n	96.97	33	100	838	1.86e-16	69.3
SWHAS104@SWHAS104_2@528@FCC21WPACXX:1:1101:15465:53542#GAGGTTCA/2	n_NZ_CP036433.1_prot_WP_145052555.1_2083_n	84.375	32	100	296	1.66e-13	60.8
SWHAS104@SWHAS104_2@531@FCC21WPACXX:1:1101:1479:54134#GAGGTTCA/2	n_NZ_CP047650.1_prot_WP_160551720.1_1889_n	87.097	31	100	216	7.14e-16	66.2
SWHAS104@SWHAS104_2@537@FCC21WPACXX:1:1101:8911:54486#GAGGTTCA/2	n_NC_010581.1_prot_BIND_RS16395_3227_n	87.5	32	100	123	3.23e-15	62.8
SWHAS104@SWHAS104_2@547@FCC21WPACXX:1:1101:8679:55444#GAGGTTCA/2	n_NC_016616.1_prot_WP_014238395.1_3357_n	93.939	33	100	422	1.43e-15	66.6
SWHAS104@SWHAS104_2@554@FCC21WPACXX:1:1101:12783:56314#GAGGTTCA/2	n_NZ_CP021138.1_prot_WP_087447813.1_2437_n	96.667	30	100	455	1.23e-12	58.5
SWHAS104@SWHAS104_2@557@FCC21WPACXX:1:1101:18763:56502#GAGGTTCA/2	n_NZ_CP011451.1_prot_WP_046850142.1_2065_n	84.375	32	100	385	1.69e-14	63.5
SWHAS104@SWHAS104_2@571@FCC21WPACXX:1:1101:20218:57791#GAGGTTCA/2	n_NZ_CP051298.1_prot_WP_013518994.1_2330_n	90.625	32	100	574	2.79e-15	65.9
SWHAS104@SWHAS104_2@576@FCC21WPACXX:1:1101:7261:58339#GAGGTTCA/2	n_NZ_AP025730.1_prot_WP_003050081.1_971_n	100.0	29	100	620	3.88e-15	65.5
SWHAS104@SWHAS104_2@578@FCC21WPACXX:1:1101:14506:58415#GAGGTTCA/2	n_NZ_CP042304.1_prot_WP_146290532.1_2745_n	87.879	33	100	629	2.98e-13	60.1
SWHAS104@SWHAS104_2@583@FCC21WPACXX:1:1101:2942:59157#GAGGTTCA/2	n_NZ_CP059075.1_prot_WP_094157408.1_517_n	80.645	31	100	1076	8.57e-14	61.6
SWHAS104@SWHAS104_2@5@FCC21WPACXX:1:1101:2729:2193#GAGGTTCA/2	n_NZ_CP017668.1_prot_WP_070527303.1_1010_n	87.097	31	100	653	2.98e-13	60.1
SWHAS104@SWHAS104_2@616@FCC21WPACXX:1:1101:7087:62985#GAGGTTCA/2	n_NZ_CP048222.1_prot_WP_162442096.1_944_n	83.871	31	100	96	7.09e-12	53.5
SWHAS104@SWHAS104_2@61@FCC21WPACXX:1:1101:4955:7006#GAGGTTCA/2	n_NZ_AP017313.1_prot_WP_096357623.1_3973_n	88.889	27	100	393	1.79e-13	60.8
SWHAS104@SWHAS104_2@630@FCC21WPACXX:1:1101:5221:65233#GAGGTTCA/2	n_NZ_AP022671.1_prot_WP_173045490.1_1035_n	90.323	31	100	494	2.3e-13	60.5
SWHAS104@SWHAS104_2@631@FCC21WPACXX:1:1101:12118:65176#GAGGTTCA/2	n_NZ_CP138198.1_prot_WP_011463614.1_1314_n	87.097	31	100	155	4.85e-11	52.4
SWHAS104@SWHAS104_2@634@FCC21WPACXX:1:1101:6176:65620#GAGGTTCA/2	n_NZ_CP022221.1_prot_WP_128931748.1_1946_n	100.0	32	100	227	1.11e-16	68.6
SWHAS104@SWHAS104_2@642@FCC21WPACXX:1:1101:2186:66800#GAGGTTCA/2	n_NZ_CP097267.1_prot_WP_272550841.1_554_n	85.294	34	100	603	2.62e-12	57.4
SWHAS104@SWHAS104_2@644@FCC21WPACXX:1:1101:3751:67423#GAGGTTCA/2	n_NZ_CP051298.1_prot_WP_103018646.1_3715_n	96.97	33	100	608	1.33e-16	69.7
SWHAS104@SWHAS104_2@646@FCC21WPACXX:1:1101:4664:67578#GAGGTTCA/2	n_NZ_CP050292.1_prot_WP_068731204.1_6032_n	80.0	30	100	118	7.2e-11	51.2
SWHAS104@SWHAS104_2@655@FCC21WPACXX:1:1101:19590:68216#GAGGTTCA/2	n_NZ_LR778301.1_prot_WP_145769904.1_566_n	93.939	33	100	591	5.52e-17	70.9
SWHAS104@SWHAS104_2@660@FCC21WPACXX:1:1101:17474:68278#GAGGTTCA/2	n_NZ_CP041352.1_prot_WP_156861357.1_688_n	96.154	26	100	463	2.93e-12	57.4
SWHAS104@SWHAS104_2@669@FCC21WPACXX:1:1101:7146:69131#GAGGTTCA/2	n_NZ_CP053085.1_prot_WP_171224070.1_687_n	96.875	32	100	328	7e-18	72.8
SWHAS104@SWHAS104_2@686@FCC21WPACXX:1:1101:6942:70370#GAGGTTCA/2	n_NZ_CP031030.1_prot_WP_122931011.1_2348_n	84.848	33	100	775	1.48e-18	75.5
SWHAS104@SWHAS104_2@695@FCC21WPACXX:1:1101:2717:71142#GAGGTTCA/2	n_NC_008702.1_prot_WP_011764878.1_1140_n	87.5	32	100	589	1.18e-14	64.3
SWHAS104@SWHAS104_2@69@FCC21WPACXX:1:1101:11244:7703#GAGGTTCA/2	n_NC_016002.1_prot_WP_014086157.1_842_n	83.333	30	100	85	2.17e-13	57.0
SWHAS104@SWHAS104_2@708@FCC21WPACXX:1:1101:8149:71613#GAGGTTCA/2	n_NZ_AP017313.1_prot_WP_096349376.1_156_n	90.0	30	100	326	1.4e-15	66.6
SWHAS104@SWHAS104_2@714@FCC21WPACXX:1:1101:9066:71766#GAGGTTCA/2	n_NC_008702.1_prot_WP_011767617.1_3890_n	87.097	31	100	169	3.9e-13	58.2
SWHAS104@SWHAS104_2@722@FCC21WPACXX:1:1101:10363:72726#GAGGTTCA/2	n_NZ_CP017668.1_prot_WP_070527303.1_1010_n	88.889	27	100	653	3.12e-11	54.7
SWHAS104@SWHAS104_2@723@FCC21WPACXX:1:1101:18589:72737#GAGGTTCA/2	n_NZ_CP065534.1_prot_WP_085684577.1_1804_n	82.759	29	100	280	2.78e-12	57.4
SWHAS104@SWHAS104_2@724@FCC21WPACXX:1:1101:2550:72751#GAGGTTCA/2	p_NC_020520.1_prot_WP_015443000.1_3407_p	87.879	33	100	185	1.1e-12	57.4
SWHAS104@SWHAS104_2@732@FCC21WPACXX:1:1101:15586:73052#GAGGTTCA/2	n_NZ_CP042361.1_prot_WP_011915443.1_178_n	96.667	30	100	563	1.68e-17	72.4
SWHAS104@SWHAS104_2@734@FCC21WPACXX:1:1101:17891:73583#GAGGTTCA/2	n_NZ_CP035515.1_prot_WP_131389946.1_3501_n	87.097	31	100	1451	1.43e-11	55.5
SWHAS104@SWHAS104_2@751@FCC21WPACXX:1:1101:2924:74831#GAGGTTCA/2	n_NC_016599.1_prot_WP_041628123.1_1748_n	81.25	32	100	709	4.37e-12	57.0
SWHAS104@SWHAS104_2@80@FCC21WPACXX:1:1101:10686:8548#GAGGTTCA/2	n_NZ_CP031704.1_prot_WP_117293360.1_3892_n	90.625	32	100	331	1.99e-15	66.2
SWHAS104@SWHAS104_2@89@FCC21WPACXX:1:1101:15587:9090#GAGGTTCA/2	n_NZ_CP022985.1_prot_WP_117172551.1_566_n	81.25	32	100	62	3.66e-15	60.8
SWHAS104@SWHAS104_2@93@FCC21WPACXX:1:1101:17599:10368#GAGGTTCA/2	n_NZ_CP051461.1_prot_WP_168921014.1_363_n	90.625	32	100	499	6.67e-16	67.8
